1.928561889648437500e+03
1.284511962890625000e+03
1.475780761718750000e+03
9.693751220703125000e+02
8.980328369140625000e+02
1.084293457031250000e+03
9.060022583007812500e+02
6.774650268554687500e+02
7.631206665039062500e+02
8.186884765625000000e+02
6.715744018554687500e+02
5.702739868164062500e+02
6.520642089843750000e+02
6.592102050781250000e+02
5.437095336914062500e+02
5.117564697265625000e+02
5.733906250000000000e+02
5.468589477539062500e+02
4.603447570800781250e+02
4.716115722656250000e+02
5.070792236328125000e+02
4.495998535156250000e+02
4.132073364257812500e+02
4.461876220703125000e+02
4.302207031250000000e+02
3.806681823730468750e+02
3.946465454101562500e+02
3.996575927734375000e+02
3.548747863769531250e+02
3.585485839843750000e+02
3.652885742187500000e+02
3.313186035156250000e+02
3.335708618164062500e+02
3.376976928710937500e+02
3.100417785644531250e+02
3.141746215820312500e+02
3.128309936523437500e+02
2.895739746093750000e+02
2.967039794921875000e+02
2.841760559082031250e+02
2.748929443359375000e+02
2.795329589843750000e+02
2.630056457519531250e+02
2.682053527832031250e+02
2.575429077148437500e+02
2.538910064697265625e+02
2.501207427978515625e+02
2.412767944335937500e+02
2.426771087646484375e+02
2.321618347167968750e+02
2.342453613281250000e+02
2.249555358886718750e+02
2.259588317871093750e+02
2.170447082519531250e+02
2.176551818847656250e+02
2.106417236328125000e+02
2.112650909423828125e+02
2.039294128417968750e+02
2.051247406005859375e+02
1.988112182617187500e+02
1.971901550292968750e+02
1.920264434814453125e+02
1.919893035888671875e+02
1.901174926757812500e+02
1.857600555419921875e+02
1.844156799316406250e+02
1.807873840332031250e+02
1.772798461914062500e+02
1.756127166748046875e+02
1.726259155273437500e+02
1.708387298583984375e+02
1.695950927734375000e+02
1.667910766601562500e+02
1.639764099121093750e+02
1.628949737548828125e+02
1.624446258544921875e+02
1.589413299560546875e+02
1.557673339843750000e+02
1.544162597656250000e+02
1.538730163574218750e+02
1.506573181152343750e+02
1.504259033203125000e+02
1.480083923339843750e+02
1.474347076416015625e+02
1.466471405029296875e+02
1.483339843750000000e+02
1.538103637695312500e+02
1.639915466308593750e+02
1.761033935546875000e+02
1.693688507080078125e+02
1.542834167480468750e+02
1.412615356445312500e+02
1.349584655761718750e+02
1.322261352539062500e+02
1.306682128906250000e+02
1.294471740722656250e+02
1.291889953613281250e+02
1.297767944335937500e+02
1.429671630859375000e+02
1.764106140136718750e+02
1.922321472167968750e+02
1.511339569091796875e+02
1.249866180419921875e+02
1.208583831787109375e+02
1.275508499145507812e+02
1.506522369384765625e+02
1.728977661132812500e+02
1.543493194580078125e+02
1.275984649658203125e+02
1.171315155029296875e+02
1.142676315307617188e+02
1.157598953247070312e+02
1.226851882934570312e+02
1.395613861083984375e+02
1.613194580078125000e+02
1.514173583984375000e+02
1.250181427001953125e+02
1.128538208007812500e+02
1.093461151123046875e+02
1.081965560913085938e+02
1.070381011962890625e+02
1.085680236816406250e+02
1.145174560546875000e+02
1.333343200683593750e+02
1.628257751464843750e+02
1.515097503662109375e+02
1.212697143554687500e+02
1.069543457031250000e+02
1.027575149536132812e+02
1.019247741699218750e+02
1.023847351074218750e+02
1.072860870361328125e+02
1.236482696533203125e+02
1.554751586914062500e+02
1.524804840087890625e+02
1.182233734130859375e+02
1.022953796386718750e+02
9.842224121093750000e+01
9.743670654296875000e+01
9.860832214355468750e+01
1.067484207153320312e+02
1.352417449951171875e+02
1.586715850830078125e+02
1.273993606567382812e+02
1.029367828369140625e+02
9.511704254150390625e+01
9.265730285644531250e+01
9.242382049560546875e+01
9.527018737792968750e+01
1.070581970214843750e+02
1.418928070068359375e+02
1.534147644042968750e+02
1.141860046386718750e+02
9.479894256591796875e+01
9.097607421875000000e+01
9.023593139648437500e+01
9.462037658691406250e+01
1.109309082031250000e+02
1.451227722167968750e+02
1.387472686767578125e+02
1.044389343261718750e+02
9.116184234619140625e+01
8.718393707275390625e+01
8.683454132080078125e+01
9.026812744140625000e+01
1.060606536865234375e+02
1.391604919433593750e+02
1.354415130615234375e+02
1.018335113525390625e+02
8.824226379394531250e+01
8.529704284667968750e+01
8.866981506347656250e+01
1.035007858276367188e+02
1.331455688476562500e+02
1.294350891113281250e+02
1.005296478271484375e+02
8.864381408691406250e+01
8.604603576660156250e+01
9.125668334960937500e+01
1.083865203857421875e+02
1.299844055175781250e+02
1.165387878417968750e+02
9.497048950195312500e+01
8.705636596679687500e+01
8.828472137451171875e+01
9.757615661621093750e+01
1.156941680908203125e+02
1.196177749633789062e+02
1.020566253662109375e+02
9.014801025390625000e+01
8.696273803710937500e+01
9.085483551025390625e+01
1.029327239990234375e+02
1.158111419677734375e+02
1.082568511962890625e+02
9.450572204589843750e+01
8.718751525878906250e+01
8.825683593750000000e+01
9.541253662109375000e+01
1.073122253417968750e+02
1.097082824707031250e+02
9.736146545410156250e+01
8.761553955078125000e+01
8.512438201904296875e+01
8.916769409179687500e+01
9.988975524902343750e+01
1.060758361816406250e+02
9.979574584960937500e+01
8.964417266845703125e+01
8.294895935058593750e+01
8.307555389404296875e+01
8.966490173339843750e+01
1.025836868286132812e+02
1.075240020751953125e+02
9.403858947753906250e+01
8.272610473632812500e+01
7.941647338867187500e+01
8.031961059570312500e+01
8.928166961669921875e+01
1.034254531860351562e+02
1.024566040039062500e+02
8.993575286865234375e+01
8.120123291015625000e+01
7.858162689208984375e+01
8.147393798828125000e+01
9.160517883300781250e+01
1.012769775390625000e+02
9.639398193359375000e+01
8.593025207519531250e+01
8.045746612548828125e+01
8.055191040039062500e+01
8.600117492675781250e+01
9.494911193847656250e+01
9.778474426269531250e+01
9.114418029785156250e+01
8.420716094970703125e+01
8.282258605957031250e+01
8.534260559082031250e+01
9.118170166015625000e+01
9.276097106933593750e+01
9.017720031738281250e+01
8.636920166015625000e+01
8.198023986816406250e+01
8.187596893310546875e+01
8.620542907714843750e+01
9.117391967773437500e+01
8.938368225097656250e+01
8.436655426025390625e+01
8.213607788085937500e+01
8.406533813476562500e+01
8.589353942871093750e+01
8.535104370117187500e+01
8.415616607666015625e+01
8.333576965332031250e+01
8.344160461425781250e+01
8.434854125976562500e+01
8.423236083984375000e+01
8.382049560546875000e+01
8.287662506103515625e+01
8.387724304199218750e+01
8.463752746582031250e+01
8.410122680664062500e+01
8.196279907226562500e+01
8.054054260253906250e+01
8.091725921630859375e+01
8.207727050781250000e+01
8.140373229980468750e+01
8.171135711669921875e+01
8.042739868164062500e+01
8.042379760742187500e+01
7.983773040771484375e+01
8.006427764892578125e+01
8.096215057373046875e+01
8.263278961181640625e+01
8.206814575195312500e+01
8.031099700927734375e+01
7.886201477050781250e+01
7.828628540039062500e+01
7.875691223144531250e+01
8.080593872070312500e+01
8.169756317138671875e+01
8.146613311767578125e+01
7.867208099365234375e+01
7.687379455566406250e+01
7.638685607910156250e+01
7.930728149414062500e+01
8.214971923828125000e+01
8.098550415039062500e+01
7.686920166015625000e+01
7.518032836914062500e+01
7.550572204589843750e+01
7.938649749755859375e+01
8.101795959472656250e+01
7.959660339355468750e+01
7.652135467529296875e+01
7.522651672363281250e+01
7.500514984130859375e+01
7.757583618164062500e+01
7.954328918457031250e+01
7.900102996826171875e+01
7.578858947753906250e+01
7.321916198730468750e+01
7.372930908203125000e+01
7.757995605468750000e+01
7.928115844726562500e+01
7.808773803710937500e+01
7.523866271972656250e+01
7.215897369384765625e+01
7.196697998046875000e+01
7.479798126220703125e+01
7.962225341796875000e+01
7.972786712646484375e+01
7.508779907226562500e+01
7.228416442871093750e+01
7.077294921875000000e+01
7.267285156250000000e+01
7.701749420166015625e+01
8.006678771972656250e+01
7.760370635986328125e+01
7.251924896240234375e+01
7.044856262207031250e+01
7.193220520019531250e+01
7.545660400390625000e+01
7.755065917968750000e+01
7.417021942138671875e+01
7.029128265380859375e+01
7.035145568847656250e+01
7.437458801269531250e+01
7.913002014160156250e+01
7.642251586914062500e+01
7.035475921630859375e+01
6.677635955810546875e+01
6.902324676513671875e+01
7.461450958251953125e+01
7.707647705078125000e+01
7.448127746582031250e+01
7.005024719238281250e+01
6.926889038085937500e+01
7.201052093505859375e+01
7.567198944091796875e+01
7.497943115234375000e+01
7.103192901611328125e+01
6.794245147705078125e+01
6.820993041992187500e+01
7.204109191894531250e+01
7.773736572265625000e+01
7.618791198730468750e+01
7.101136779785156250e+01
6.697155761718750000e+01
6.639580535888671875e+01
7.085195922851562500e+01
7.505484008789062500e+01
7.458793640136718750e+01
7.097042083740234375e+01
6.912680053710937500e+01
6.858665466308593750e+01
7.023194885253906250e+01
7.225483703613281250e+01
7.205921936035156250e+01
7.020750427246093750e+01
6.880679321289062500e+01
6.821916961669921875e+01
7.055155181884765625e+01
7.170053100585937500e+01
7.080621337890625000e+01
6.856753540039062500e+01
6.789114379882812500e+01
6.855677032470703125e+01
6.933926391601562500e+01
6.947418212890625000e+01
6.834941101074218750e+01
6.758015441894531250e+01
6.812277221679687500e+01
6.964202880859375000e+01
7.120690917968750000e+01
6.981517791748046875e+01
6.800244140625000000e+01
6.701239013671875000e+01
6.768810272216796875e+01
6.972093963623046875e+01
7.087010955810546875e+01
6.933131408691406250e+01
6.643996429443359375e+01
6.545513916015625000e+01
6.710325622558593750e+01
7.000468444824218750e+01
6.949125671386718750e+01
6.758308410644531250e+01
6.576544189453125000e+01
6.483856201171875000e+01
6.654039001464843750e+01
6.914344024658203125e+01
6.926021575927734375e+01
6.723129272460937500e+01
6.434785461425781250e+01
6.384708786010742188e+01
6.740092468261718750e+01
7.049183654785156250e+01
6.835819244384765625e+01
6.399599456787109375e+01
6.357204437255859375e+01
6.562042999267578125e+01
6.932961273193359375e+01
7.005807495117187500e+01
6.690677642822265625e+01
6.475950622558593750e+01
6.419049835205078125e+01
6.486090087890625000e+01
6.854420471191406250e+01
6.811273193359375000e+01
6.512145996093750000e+01
6.368452453613281250e+01
6.358576965332031250e+01
6.668847656250000000e+01
6.608333587646484375e+01
6.506911468505859375e+01
6.465825653076171875e+01
6.493598175048828125e+01
6.583068847656250000e+01
6.651364898681640625e+01
6.515269470214843750e+01
6.484538269042968750e+01
6.380418395996093750e+01
6.517787170410156250e+01
6.486477661132812500e+01
6.478068542480468750e+01
6.506292724609375000e+01
6.504283905029296875e+01
6.377980041503906250e+01
6.315440750122070312e+01
6.421572113037109375e+01
6.566162109375000000e+01
6.444985961914062500e+01
6.296397781372070312e+01
6.223119735717773438e+01
6.401550292968750000e+01
6.475137329101562500e+01
6.288740539550781250e+01
6.104447174072265625e+01
6.169905471801757812e+01
6.401152038574218750e+01
6.631962585449218750e+01
6.477770996093750000e+01
6.153932189941406250e+01
6.092050933837890625e+01
6.245614624023437500e+01
6.538433837890625000e+01
6.448460388183593750e+01
6.166580963134765625e+01
5.974758148193359375e+01
6.048311996459960938e+01
6.290619277954101562e+01
6.536337280273437500e+01
6.422052764892578125e+01
6.118095779418945312e+01
5.975454711914062500e+01
6.028388214111328125e+01
6.279428100585937500e+01
6.432155609130859375e+01
6.340776062011718750e+01
6.006824111938476562e+01
5.861097717285156250e+01
6.037145996093750000e+01
6.373045730590820312e+01
6.468019104003906250e+01
6.202093124389648438e+01
5.836444854736328125e+01
5.746596145629882812e+01
6.056279754638671875e+01
6.470776367187500000e+01
6.383578872680664062e+01
6.059485626220703125e+01
5.789431762695312500e+01
5.947199630737304688e+01
6.197126007080078125e+01
6.270581817626953125e+01
6.054502105712890625e+01
5.964619445800781250e+01
5.982686996459960938e+01
6.226651763916015625e+01
6.340305709838867188e+01
6.093431472778320312e+01
5.801477050781250000e+01
5.889945220947265625e+01
6.159000778198242188e+01
6.337487030029296875e+01
6.127806091308593750e+01
5.842437362670898438e+01
5.786380767822265625e+01
6.041734313964843750e+01
6.159919738769531250e+01
6.058763504028320312e+01
5.854509353637695312e+01
5.844555664062500000e+01
5.916891098022460938e+01
6.097779464721679688e+01
6.090681076049804688e+01
5.962733840942382812e+01
5.819913482666015625e+01
5.852618789672851562e+01
6.004106903076171875e+01
6.134506988525390625e+01
6.069231414794921875e+01
5.915803527832031250e+01
5.713733673095703125e+01
5.744377136230468750e+01
5.859526824951171875e+01
5.987964630126953125e+01
6.033211517333984375e+01
5.874259567260742188e+01
5.750885772705078125e+01
5.768173217773437500e+01
5.889581298828125000e+01
5.958813095092773438e+01
5.936299896240234375e+01
5.808949279785156250e+01
5.685189056396484375e+01
5.733732986450195312e+01
5.950520706176757812e+01
5.972593688964843750e+01
5.733465576171875000e+01
5.685604476928710938e+01
5.737459564208984375e+01
5.918852233886718750e+01
5.982294464111328125e+01
5.912411880493164062e+01
5.733378601074218750e+01
5.643347930908203125e+01
5.716509246826171875e+01
5.838655471801757812e+01
5.888988494873046875e+01
5.823358917236328125e+01
5.584107971191406250e+01
5.556544494628906250e+01
5.831446075439453125e+01
6.096693420410156250e+01
5.968956756591796875e+01
5.625069808959960938e+01
5.356309890747070312e+01
5.503215026855468750e+01
5.909614562988281250e+01
6.061494827270507812e+01
5.676640319824218750e+01
5.310051727294921875e+01
5.321960067749023438e+01
5.761914062500000000e+01
6.095516586303710938e+01
5.847410583496093750e+01
5.380904388427734375e+01
5.394622039794921875e+01
5.773131561279296875e+01
5.972994995117187500e+01
5.803419876098632812e+01
5.512995147705078125e+01
5.431008911132812500e+01
5.636857223510742188e+01
5.786218261718750000e+01
5.716706848144531250e+01
5.469544601440429688e+01
5.433927154541015625e+01
5.537026596069335938e+01
5.826541900634765625e+01
5.907703781127929688e+01
5.644733810424804688e+01
5.430530548095703125e+01
5.514810562133789062e+01
5.590766143798828125e+01
5.747208023071289062e+01
5.686634063720703125e+01
5.550260162353515625e+01
5.411374664306640625e+01
5.507750701904296875e+01
5.537212371826171875e+01
5.559857177734375000e+01
5.451883316040039062e+01
5.524907684326171875e+01
5.567947387695312500e+01
5.608562469482421875e+01
5.510214614868164062e+01
5.505835342407226562e+01
5.517129898071289062e+01
5.527490997314453125e+01
5.613699340820312500e+01
5.555908966064453125e+01
5.501391220092773438e+01
5.439069747924804688e+01
5.561143112182617188e+01
5.659161376953125000e+01
5.576568603515625000e+01
5.435708236694335938e+01
5.301271820068359375e+01
5.302281951904296875e+01
5.517179870605468750e+01
5.657814407348632812e+01
5.492333602905273438e+01
5.290104675292968750e+01
5.311640548706054688e+01
5.432580566406250000e+01
5.503354263305664062e+01
5.442760467529296875e+01
5.354250335693359375e+01
5.338589859008789062e+01
5.478621673583984375e+01
5.536815643310546875e+01
5.430690765380859375e+01
5.316918945312500000e+01
5.402050781250000000e+01
5.618124389648437500e+01
5.583512878417968750e+01
5.445603561401367188e+01
5.222444152832031250e+01
5.195766448974609375e+01
5.378818130493164062e+01
5.514929962158203125e+01
5.318565750122070312e+01
5.236863327026367188e+01
5.342132568359375000e+01
5.542112731933593750e+01
5.427542877197265625e+01
5.160085296630859375e+01
5.013605880737304688e+01
5.181581115722656250e+01
5.532671356201171875e+01
5.534135818481445312e+01
5.102642440795898438e+01
5.004434204101562500e+01
5.238835144042968750e+01
5.505052947998046875e+01
5.514519882202148438e+01
5.297264862060546875e+01
5.110527801513671875e+01
5.134479141235351562e+01
5.300811004638671875e+01
5.441128540039062500e+01
5.382460403442382812e+01
5.213542938232421875e+01
5.172466278076171875e+01
5.307555007934570312e+01
5.408428955078125000e+01
5.289727783203125000e+01
5.083155441284179688e+01
5.130205917358398438e+01
5.334911727905273438e+01
5.435029602050781250e+01
5.214247894287109375e+01
5.016394805908203125e+01
5.114586639404296875e+01
5.320259094238281250e+01
5.350719451904296875e+01
5.152312469482421875e+01
4.971327972412109375e+01
5.122185516357421875e+01
5.345490264892578125e+01
5.374724197387695312e+01
5.223679351806640625e+01
5.121485137939453125e+01
5.081199264526367188e+01
5.201104736328125000e+01
5.319962310791015625e+01
5.242513656616210938e+01
5.021861267089843750e+01
5.039213180541992188e+01
5.215961456298828125e+01
5.406132125854492188e+01
5.293529129028320312e+01
5.039753723144531250e+01
4.892654418945312500e+01
5.065750122070312500e+01
5.368704223632812500e+01
5.406532669067382812e+01
4.993002319335937500e+01
4.731373596191406250e+01
4.816255187988281250e+01
5.277630615234375000e+01
5.471788024902343750e+01
5.122248840332031250e+01
4.797532653808593750e+01
4.889695739746093750e+01
5.229067611694335938e+01
5.429616546630859375e+01
5.112295532226562500e+01
4.859447097778320312e+01
4.882306671142578125e+01
5.084452819824218750e+01
5.300091552734375000e+01
5.210391998291015625e+01
4.852365875244140625e+01
4.815397644042968750e+01
5.073091888427734375e+01
5.400426101684570312e+01
5.088790893554687500e+01
4.766261291503906250e+01
4.822898864746093750e+01
5.092092895507812500e+01
5.323813629150390625e+01
5.172528839111328125e+01
4.873068618774414062e+01
4.806454086303710938e+01
5.018357467651367188e+01
5.220299148559570312e+01
5.058908462524414062e+01
4.801328659057617188e+01
4.773762130737304688e+01
5.013809967041015625e+01
5.162165069580078125e+01
5.197207641601562500e+01
4.963856124877929688e+01
4.896244812011718750e+01
4.998298645019531250e+01
5.180682754516601562e+01
5.113065338134765625e+01
4.866540527343750000e+01
4.813315582275390625e+01
4.993877410888671875e+01
5.107798004150390625e+01
4.970975494384765625e+01
4.817697906494140625e+01
4.855817413330078125e+01
5.067800140380859375e+01
5.195011138916015625e+01
4.970948028564453125e+01
4.714444732666015625e+01
4.699394989013671875e+01
4.996498107910156250e+01
5.178717041015625000e+01
4.956041717529296875e+01
4.722784423828125000e+01
4.856519317626953125e+01
5.049322509765625000e+01
5.132946014404296875e+01
4.820042419433593750e+01
4.597154998779296875e+01
4.657726287841796875e+01
4.959883117675781250e+01
5.083742523193359375e+01
4.925023269653320312e+01
4.763924026489257812e+01
4.764243316650390625e+01
4.946422576904296875e+01
5.069872283935546875e+01
4.884195709228515625e+01
4.637088012695312500e+01
4.714610671997070312e+01
4.971713256835937500e+01
5.136435317993164062e+01
4.879012298583984375e+01
4.655907440185546875e+01
4.689940261840820312e+01
4.858502197265625000e+01
5.053816986083984375e+01
4.965601348876953125e+01
4.707006072998046875e+01
4.697135925292968750e+01
4.841381072998046875e+01
5.024234008789062500e+01
4.940259933471679688e+01
4.700984191894531250e+01
4.631319427490234375e+01
4.715196228027343750e+01
4.942544174194335938e+01
4.910739135742187500e+01
4.722697448730468750e+01
4.588352203369140625e+01
4.800389480590820312e+01
4.969609069824218750e+01
4.944522094726562500e+01
4.619869232177734375e+01
4.550288772583007812e+01
4.757376861572265625e+01
5.051233291625976562e+01
4.908726119995117188e+01
4.611356735229492188e+01
4.575770568847656250e+01
4.826867675781250000e+01
4.953692626953125000e+01
4.846163940429687500e+01
4.613652038574218750e+01
4.604662322998046875e+01
4.721707153320312500e+01
4.918897628784179688e+01
4.943801498413085938e+01
4.721813964843750000e+01
4.515054702758789062e+01
4.602864837646484375e+01
4.891701507568359375e+01
4.889542007446289062e+01
4.639949035644531250e+01
4.553022003173828125e+01
4.708260345458984375e+01
4.815160369873046875e+01
4.764678955078125000e+01
4.592554092407226562e+01
4.661095809936523438e+01
4.791606140136718750e+01
4.835199737548828125e+01
4.723571014404296875e+01
4.603140640258789062e+01
4.576406860351562500e+01
4.649130249023437500e+01
4.795783233642578125e+01
4.797297668457031250e+01
4.707077026367187500e+01
4.555298233032226562e+01
4.591445159912109375e+01
4.764767074584960938e+01
4.808176422119140625e+01
4.618347549438476562e+01
4.473431396484375000e+01
4.526210784912109375e+01
4.797563171386718750e+01
4.749224090576171875e+01
4.590863037109375000e+01
4.593222045898437500e+01
4.717546463012695312e+01
4.683590316772460938e+01
4.627617263793945312e+01
4.611737442016601562e+01
4.652850341796875000e+01
4.689265823364257812e+01
4.742633819580078125e+01
4.640073394775390625e+01
4.500942230224609375e+01
4.487013626098632812e+01
4.703134155273437500e+01
4.763194274902343750e+01
4.633481979370117188e+01
4.548043060302734375e+01
4.506947708129882812e+01
4.627893829345703125e+01
4.718426895141601562e+01
4.646891021728515625e+01
4.553649139404296875e+01
4.529783630371093750e+01
4.576276016235351562e+01
4.577180862426757812e+01
4.543235397338867188e+01
4.557891464233398438e+01
4.574387359619140625e+01
4.614297485351562500e+01
4.560772323608398438e+01
4.490414428710937500e+01
4.426800537109375000e+01
4.589382553100585938e+01
4.686980056762695312e+01
4.560968399047851562e+01
4.440651702880859375e+01
4.444253921508789062e+01
4.606107330322265625e+01
4.636224365234375000e+01
4.496076583862304688e+01
4.516757965087890625e+01
4.566607284545898438e+01
4.612334060668945312e+01
4.474499893188476562e+01
4.407008743286132812e+01
4.524024963378906250e+01
4.636247634887695312e+01
4.554043579101562500e+01
4.415768432617187500e+01
4.432270050048828125e+01
4.548326110839843750e+01
4.593051528930664062e+01
4.416679763793945312e+01
4.347823715209960938e+01
4.501184082031250000e+01
4.610821533203125000e+01
4.508027267456054688e+01
4.373001861572265625e+01
4.416135406494140625e+01
4.530802917480468750e+01
4.557379150390625000e+01
4.481354522705078125e+01
4.359610748291015625e+01
4.463856506347656250e+01
4.604838180541992188e+01
4.545027160644531250e+01
4.267672729492187500e+01
4.277336883544921875e+01
4.486621856689453125e+01
4.698865509033203125e+01
4.595523834228515625e+01
4.318634033203125000e+01
4.243349456787109375e+01
4.382602310180664062e+01
4.561449432373046875e+01
4.574027633666992188e+01
4.462973022460937500e+01
4.316555023193359375e+01
4.347809600830078125e+01
4.461505889892578125e+01
4.515550231933593750e+01
4.476154327392578125e+01
4.447052764892578125e+01
4.391420364379882812e+01
4.399932479858398438e+01
4.374623107910156250e+01
4.299680328369140625e+01
4.346976470947265625e+01
4.454200744628906250e+01
4.518739318847656250e+01
4.529639434814453125e+01
4.449390029907226562e+01
4.312406921386718750e+01
4.368280792236328125e+01
4.477722167968750000e+01
4.447610092163085938e+01
4.332063293457031250e+01
4.273696136474609375e+01
4.315225219726562500e+01
4.429488372802734375e+01
4.467929077148437500e+01
4.319190979003906250e+01
4.209877395629882812e+01
4.310365676879882812e+01
4.407579803466796875e+01
4.457972717285156250e+01
4.413148498535156250e+01
4.284258651733398438e+01
4.279583740234375000e+01
4.426336669921875000e+01
4.509558105468750000e+01
4.375018310546875000e+01
4.165117263793945312e+01
4.265733337402343750e+01
4.499798583984375000e+01
4.438449096679687500e+01
4.281114578247070312e+01
4.164116668701171875e+01
4.296478271484375000e+01
4.363742065429687500e+01
4.335678100585937500e+01
4.286988067626953125e+01
4.272067260742187500e+01
4.363521575927734375e+01
4.411161422729492188e+01
4.348663330078125000e+01
4.220473480224609375e+01
4.171923065185546875e+01
4.270769500732421875e+01
4.387655639648437500e+01
4.347219467163085938e+01
4.246808624267578125e+01
4.206101989746093750e+01
4.323370361328125000e+01
4.430847167968750000e+01
4.319719696044921875e+01
4.198685073852539062e+01
4.242633819580078125e+01
4.338666534423828125e+01
4.374568557739257812e+01
4.218406677246093750e+01
4.174563980102539062e+01
4.234812927246093750e+01
4.384275817871093750e+01
4.368212890625000000e+01
4.214001846313476562e+01
4.119566345214843750e+01
4.225212860107421875e+01
4.341409301757812500e+01
4.370716094970703125e+01
4.176015472412109375e+01
4.063674163818359375e+01
4.118719482421875000e+01
4.375475311279296875e+01
4.448003387451171875e+01
4.246688842773437500e+01
4.111642456054687500e+01
4.221037292480468750e+01
4.313071060180664062e+01
4.320895385742187500e+01
4.181916046142578125e+01
4.137219619750976562e+01
4.163132476806640625e+01
4.336384582519531250e+01
4.291362380981445312e+01
4.151500701904296875e+01
4.119642639160156250e+01
4.290560150146484375e+01
4.347768402099609375e+01
4.240441131591796875e+01
4.076240539550781250e+01
4.082196044921875000e+01
4.170351409912109375e+01
4.369886398315429688e+01
4.268748474121093750e+01
4.142661285400390625e+01
4.136949157714843750e+01
4.249014282226562500e+01
4.279139709472656250e+01
4.142893218994140625e+01
4.094327545166015625e+01
4.173795318603515625e+01
4.201000213623046875e+01
4.143677902221679688e+01
4.098947906494140625e+01
4.225741195678710938e+01
4.251219940185546875e+01
4.180251693725585938e+01
4.138545989990234375e+01
4.122232055664062500e+01
4.098825073242187500e+01
4.138783264160156250e+01
4.201449584960937500e+01
4.235803985595703125e+01
4.104707336425781250e+01
4.113294982910156250e+01
4.215504074096679688e+01
4.288589096069335938e+01
4.105318450927734375e+01
4.031375503540039062e+01
4.085995864868164062e+01
4.213439941406250000e+01
4.237253570556640625e+01
4.118022537231445312e+01
4.027890777587890625e+01
4.101171493530273438e+01
4.186597442626953125e+01
4.212505340576171875e+01
4.084480285644531250e+01
4.023891448974609375e+01
4.040848159790039062e+01
4.109205627441406250e+01
4.156707763671875000e+01
4.083521270751953125e+01
4.099783325195312500e+01
4.154298782348632812e+01
4.127531433105468750e+01
4.008057403564453125e+01
3.975599670410156250e+01
4.135065078735351562e+01
4.140898513793945312e+01
4.119159698486328125e+01
4.059073257446289062e+01
4.061648559570312500e+01
4.046221923828125000e+01
4.120606994628906250e+01
4.162168121337890625e+01
4.119496154785156250e+01
4.023683547973632812e+01
4.001943588256835938e+01
4.071697235107421875e+01
4.167879486083984375e+01
4.184811782836914062e+01
4.073975372314453125e+01
3.934682846069335938e+01
3.991326522827148438e+01
4.192008590698242188e+01
4.246268463134765625e+01
3.939910125732421875e+01
3.867624664306640625e+01
3.933335113525390625e+01
4.168297195434570312e+01
4.149899291992187500e+01
3.981822204589843750e+01
3.828524017333984375e+01
4.094241714477539062e+01
4.245274353027343750e+01
4.107244110107421875e+01
3.912691879272460938e+01
3.860226440429687500e+01
3.993044281005859375e+01
4.180353164672851562e+01
4.068623352050781250e+01
3.871619033813476562e+01
3.879500579833984375e+01
4.106433486938476562e+01
4.273893356323242188e+01
4.117881011962890625e+01
3.804449081420898438e+01
3.788088989257812500e+01
4.168634033203125000e+01
4.375071334838867188e+01
3.961057281494140625e+01
3.685900878906250000e+01
3.812757873535156250e+01
4.250006866455078125e+01
4.321918869018554688e+01
3.926179122924804688e+01
3.672275543212890625e+01
3.884516906738281250e+01
4.274604034423828125e+01
4.211175537109375000e+01
3.836243438720703125e+01
3.670059204101562500e+01
3.929182052612304688e+01
4.259230804443359375e+01
4.172412109375000000e+01
3.822633361816406250e+01
3.800424957275390625e+01
4.058525085449218750e+01
4.197717285156250000e+01
4.037446975708007812e+01
3.806343460083007812e+01
3.826495742797851562e+01
4.006955718994140625e+01
4.221556472778320312e+01
3.994454193115234375e+01
3.789397430419921875e+01
3.809777069091796875e+01
4.057339859008789062e+01
4.171850585937500000e+01
3.949569320678710938e+01
3.700606536865234375e+01
3.831000518798828125e+01
4.179688262939453125e+01
4.211610412597656250e+01
3.722642517089843750e+01
3.540254211425781250e+01
3.893858337402343750e+01
4.392556762695312500e+01
4.080172729492187500e+01
3.666939544677734375e+01
3.639681243896484375e+01
3.961021804809570312e+01
4.211023712158203125e+01
3.959742736816406250e+01
3.638503265380859375e+01
3.660478210449218750e+01
4.019064712524414062e+01
4.222313690185546875e+01
3.907619476318359375e+01
3.617996597290039062e+01
3.767396926879882812e+01
4.127256011962890625e+01
4.108301544189453125e+01
3.779518127441406250e+01
3.579733657836914062e+01
3.849920654296875000e+01
4.256583023071289062e+01
4.061972045898437500e+01
3.633187484741210938e+01
3.592069244384765625e+01
3.974945449829101562e+01
4.235023498535156250e+01
3.845079803466796875e+01
3.547220230102539062e+01
3.690644073486328125e+01
4.085974121093750000e+01
4.206956100463867188e+01
3.803801727294921875e+01
3.559521102905273438e+01
3.763520812988281250e+01
4.134464263916015625e+01
4.210548400878906250e+01
3.712903213500976562e+01
3.476302719116210938e+01
3.696684265136718750e+01
4.159256362915039062e+01
4.118696975708007812e+01
3.743185043334960938e+01
3.557385253906250000e+01
3.814019775390625000e+01
4.237296676635742188e+01
4.086970901489257812e+01
3.647930908203125000e+01
3.534302902221679688e+01
3.848973846435546875e+01
4.250420379638671875e+01
3.952716064453125000e+01
3.576692199707031250e+01
3.614201354980468750e+01
3.967177200317382812e+01
4.098151016235351562e+01
3.835607147216796875e+01
3.647400665283203125e+01
3.771975708007812500e+01
3.950067901611328125e+01
3.874110794067382812e+01
3.791843795776367188e+01
3.784895706176757812e+01
3.832891464233398438e+01
3.817810058593750000e+01
3.752372741699218750e+01
3.795704650878906250e+01
3.902710342407226562e+01
3.885049438476562500e+01
3.747782516479492188e+01
3.718910980224609375e+01
3.862378692626953125e+01
3.926009368896484375e+01
3.801502990722656250e+01
3.792718505859375000e+01
3.797245788574218750e+01
3.835148620605468750e+01
3.800726318359375000e+01
3.786220932006835938e+01
3.748984527587890625e+01
3.764224243164062500e+01
3.812979125976562500e+01
3.827729797363281250e+01
3.780177307128906250e+01
3.817398834228515625e+01
3.807704925537109375e+01
3.760232543945312500e+01
3.781229782104492188e+01
3.814167785644531250e+01
3.785334014892578125e+01
3.768425369262695312e+01
3.799544525146484375e+01
3.877962493896484375e+01
3.755368041992187500e+01
3.761011886596679688e+01
3.797126388549804688e+01
3.857260131835937500e+01
3.767064666748046875e+01
3.782823181152343750e+01
3.771218490600585938e+01
3.694471740722656250e+01
3.681385040283203125e+01
3.749495697021484375e+01
3.883424758911132812e+01
3.888904571533203125e+01
3.613942718505859375e+01
3.544782257080078125e+01
3.725566482543945312e+01
3.932336044311523438e+01
3.768209457397460938e+01
3.647351074218750000e+01
3.627653503417968750e+01
3.788638305664062500e+01
3.856068038940429688e+01
3.574378967285156250e+01
3.571949005126953125e+01
3.764619827270507812e+01
3.947675323486328125e+01
3.782681655883789062e+01
3.564901733398437500e+01
3.575400543212890625e+01
3.820991516113281250e+01
3.848262405395507812e+01
3.666297912597656250e+01
3.581713485717773438e+01
3.572461700439453125e+01
3.727374267578125000e+01
3.800548553466796875e+01
3.763324737548828125e+01
3.692510986328125000e+01
3.715594482421875000e+01
3.748982620239257812e+01
3.697389221191406250e+01
3.696059417724609375e+01
3.724015808105468750e+01
3.696171569824218750e+01
3.719744110107421875e+01
3.666308593750000000e+01
3.666083526611328125e+01
3.721055984497070312e+01
3.743098068237304688e+01
3.771036911010742188e+01
3.699936294555664062e+01
3.640189361572265625e+01
3.655014801025390625e+01
3.705031204223632812e+01
3.765895462036132812e+01
3.684387969970703125e+01
3.612750625610351562e+01
3.643394470214843750e+01
3.755377578735351562e+01
3.767700958251953125e+01
3.618132781982421875e+01
3.684905242919921875e+01
3.672501373291015625e+01
3.677285385131835938e+01
3.640137481689453125e+01
3.647840881347656250e+01
3.781193542480468750e+01
3.678918457031250000e+01
3.509362030029296875e+01
3.564716339111328125e+01
3.827555847167968750e+01
3.831559753417968750e+01
3.606091690063476562e+01
3.456629943847656250e+01
3.584771728515625000e+01
3.836444091796875000e+01
3.790086364746093750e+01
3.498273468017578125e+01
3.374010467529296875e+01
3.614364624023437500e+01
3.964485168457031250e+01
3.620998382568359375e+01
3.314779663085937500e+01
3.466900634765625000e+01
3.948926544189453125e+01
3.847162628173828125e+01
3.428984451293945312e+01
3.321424865722656250e+01
3.600100708007812500e+01
3.921833801269531250e+01
3.735124588012695312e+01
3.377752685546875000e+01
3.449072265625000000e+01
3.681066131591796875e+01
3.817197036743164062e+01
3.533285522460937500e+01
3.304687881469726562e+01
3.584370803833007812e+01
3.870064544677734375e+01
3.680904769897460938e+01
3.427169036865234375e+01
3.408839035034179688e+01
3.676027679443359375e+01
3.924593734741210938e+01
3.639158630371093750e+01
3.367387390136718750e+01
3.495616149902343750e+01
3.828865051269531250e+01
3.751214599609375000e+01
3.406253051757812500e+01
3.396600341796875000e+01
3.650975799560546875e+01
3.885494613647460938e+01
3.644602203369140625e+01
3.357077026367187500e+01
3.363399505615234375e+01
3.769122695922851562e+01
3.866316223144531250e+01
3.517546844482421875e+01
3.301144409179687500e+01
3.527245712280273438e+01
3.873667144775390625e+01
3.712960815429687500e+01
3.375688552856445312e+01
3.408612060546875000e+01
3.696450042724609375e+01
3.859914016723632812e+01
3.535615921020507812e+01
3.318981933593750000e+01
3.487688827514648438e+01
3.864694595336914062e+01
3.680955886840820312e+01
3.352382659912109375e+01
3.350543212890625000e+01
3.632206726074218750e+01
3.851643371582031250e+01
3.612637329101562500e+01
3.348155212402343750e+01
3.372075653076171875e+01
3.637874603271484375e+01
3.764589691162109375e+01
3.534654998779296875e+01
3.355938720703125000e+01
3.373002624511718750e+01
3.670638275146484375e+01
3.755501556396484375e+01
3.505011749267578125e+01
3.351820373535156250e+01
3.575822067260742188e+01
3.773674011230468750e+01
3.648348236083984375e+01
3.412946319580078125e+01
3.402143096923828125e+01
3.628577041625976562e+01
3.784172058105468750e+01
3.514067840576171875e+01
3.305139923095703125e+01
3.414598846435546875e+01
3.698255538940429688e+01
3.761960601806640625e+01
3.465425109863281250e+01
3.336555480957031250e+01
3.509761047363281250e+01
3.711158752441406250e+01
3.625326538085937500e+01
3.408203887939453125e+01
3.434188842773437500e+01
3.578416442871093750e+01
3.609209060668945312e+01
3.468696594238281250e+01
3.438852310180664062e+01
3.588279724121093750e+01
3.676811981201171875e+01
3.437979888916015625e+01
3.305866241455078125e+01
3.406932067871093750e+01
3.703707885742187500e+01
3.657633972167968750e+01
3.395075225830078125e+01
3.347989273071289062e+01
3.560210800170898438e+01
3.646674346923828125e+01
3.532448196411132812e+01
3.377893829345703125e+01
3.422811508178710938e+01
3.525209045410156250e+01
3.644381713867187500e+01
3.496554565429687500e+01
3.399830245971679688e+01
3.433433151245117188e+01
3.619744110107421875e+01
3.640048599243164062e+01
3.378674316406250000e+01
3.316695404052734375e+01
3.552602767944335938e+01
3.637615966796875000e+01
3.459587860107421875e+01
3.315071105957031250e+01
3.396538543701171875e+01
3.602026748657226562e+01
3.593373870849609375e+01
3.348634719848632812e+01
3.198572921752929688e+01
3.413875961303710938e+01
3.635480880737304688e+01
3.523759460449218750e+01
3.301820755004882812e+01
3.341807556152343750e+01
3.573849105834960938e+01
3.652716064453125000e+01
3.376413726806640625e+01
3.281068038940429688e+01
3.400966644287109375e+01
3.610013580322265625e+01
3.621111679077148438e+01
3.332401275634765625e+01
3.272106933593750000e+01
3.536593627929687500e+01
3.683296966552734375e+01
3.460116958618164062e+01
3.314456558227539062e+01
3.345821380615234375e+01
3.541710662841796875e+01
3.565756225585937500e+01
3.434611892700195312e+01
3.327584838867187500e+01
3.391913223266601562e+01
3.514621353149414062e+01
3.519722747802734375e+01
3.389653778076171875e+01
3.390965652465820312e+01
3.418495941162109375e+01
3.396192932128906250e+01
3.376127624511718750e+01
3.386980438232421875e+01
3.403327941894531250e+01
3.364008331298828125e+01
3.373237609863281250e+01
3.474488830566406250e+01
3.516580581665039062e+01
3.384205627441406250e+01
3.356662750244140625e+01
3.482393646240234375e+01
3.466085815429687500e+01
3.318065643310546875e+01
3.337329483032226562e+01
3.474622344970703125e+01
3.452503585815429688e+01
3.305556106567382812e+01
3.322908020019531250e+01
3.425550079345703125e+01
3.512353515625000000e+01
3.422111511230468750e+01
3.291895675659179688e+01
3.299807739257812500e+01
3.387072753906250000e+01
3.467333984375000000e+01
3.354506683349609375e+01
3.343810272216796875e+01
3.462210083007812500e+01
3.426419067382812500e+01
3.426853942871093750e+01
3.371882247924804688e+01
3.334640502929687500e+01
3.379617309570312500e+01
3.414784622192382812e+01
3.377354431152343750e+01
3.355344009399414062e+01
3.392925262451171875e+01
3.432043457031250000e+01
3.434777450561523438e+01
3.322324752807617188e+01
3.337546920776367188e+01
3.375240325927734375e+01
3.513931274414062500e+01
3.398513031005859375e+01
3.282705307006835938e+01
3.275164413452148438e+01
3.436180877685546875e+01
3.515607070922851562e+01
3.313504791259765625e+01
3.191065025329589844e+01
3.297359466552734375e+01
3.427276992797851562e+01
3.429230117797851562e+01
3.342991638183593750e+01
3.303687667846679688e+01
3.350876617431640625e+01
3.337224578857421875e+01
3.327408599853515625e+01
3.317629241943359375e+01
3.385420989990234375e+01
3.336409759521484375e+01
3.319547271728515625e+01
3.281887054443359375e+01
3.332803344726562500e+01
3.388448333740234375e+01
3.414620208740234375e+01
3.302224731445312500e+01
3.217369079589843750e+01
3.309209823608398438e+01
