1.928561889648437500e+03
1.284511962890625000e+03
1.475780761718750000e+03
9.693751220703125000e+02
8.980328369140625000e+02
1.084293457031250000e+03
9.060022583007812500e+02
6.774650268554687500e+02
7.631206665039062500e+02
8.186884765625000000e+02
6.715744018554687500e+02
5.702739868164062500e+02
6.520642089843750000e+02
6.592102050781250000e+02
5.437095336914062500e+02
5.117564697265625000e+02
5.733906250000000000e+02
5.468589477539062500e+02
4.603447570800781250e+02
4.716115722656250000e+02
5.070792236328125000e+02
4.495998535156250000e+02
4.132073364257812500e+02
4.461876220703125000e+02
4.302207031250000000e+02
3.806681823730468750e+02
3.946465454101562500e+02
3.996575927734375000e+02
3.548747863769531250e+02
3.585485839843750000e+02
3.652885742187500000e+02
3.313186035156250000e+02
3.335708618164062500e+02
3.376976928710937500e+02
3.100417785644531250e+02
3.141746215820312500e+02
3.128309936523437500e+02
2.895739746093750000e+02
2.967039794921875000e+02
2.841760559082031250e+02
2.748929443359375000e+02
2.795329589843750000e+02
2.630056457519531250e+02
2.682053527832031250e+02
2.575429077148437500e+02
2.538910064697265625e+02
2.501207427978515625e+02
2.412767944335937500e+02
2.426771087646484375e+02
2.321618347167968750e+02
2.342453613281250000e+02
2.249555358886718750e+02
2.259588317871093750e+02
2.170447082519531250e+02
2.176551818847656250e+02
2.106417236328125000e+02
2.112650909423828125e+02
2.039294128417968750e+02
2.051247406005859375e+02
1.988112182617187500e+02
1.971901550292968750e+02
1.920264434814453125e+02
1.919893035888671875e+02
1.901174926757812500e+02
1.857600555419921875e+02
1.844156799316406250e+02
1.807873840332031250e+02
1.772798461914062500e+02
1.756127166748046875e+02
1.726259155273437500e+02
1.708387298583984375e+02
1.695950927734375000e+02
1.667910766601562500e+02
1.639764099121093750e+02
1.628949737548828125e+02
1.624446258544921875e+02
1.589413299560546875e+02
1.557673339843750000e+02
1.544162597656250000e+02
1.538730163574218750e+02
1.506573181152343750e+02
1.504259033203125000e+02
1.480083923339843750e+02
1.474347076416015625e+02
1.466471405029296875e+02
1.483339843750000000e+02
1.538103637695312500e+02
1.639915466308593750e+02
1.761033935546875000e+02
1.693688507080078125e+02
1.542834167480468750e+02
1.412615356445312500e+02
1.349584655761718750e+02
1.322261352539062500e+02
1.306682128906250000e+02
1.294471740722656250e+02
1.291889953613281250e+02
1.297767944335937500e+02
1.429671630859375000e+02
1.764106140136718750e+02
1.922321472167968750e+02
1.511339569091796875e+02
1.249866180419921875e+02
1.208583831787109375e+02
1.275508499145507812e+02
1.506522369384765625e+02
1.728977661132812500e+02
1.543493194580078125e+02
1.275984649658203125e+02
1.171315155029296875e+02
1.142676315307617188e+02
1.157598953247070312e+02
1.226851882934570312e+02
1.395613861083984375e+02
1.613194580078125000e+02
1.514173583984375000e+02
1.250181427001953125e+02
1.128538208007812500e+02
1.093461151123046875e+02
1.081965560913085938e+02
1.070381011962890625e+02
1.085680236816406250e+02
1.145174560546875000e+02
1.333343200683593750e+02
1.628257751464843750e+02
1.515097503662109375e+02
1.212697143554687500e+02
1.069543457031250000e+02
1.027575149536132812e+02
1.019247741699218750e+02
1.023847351074218750e+02
1.072860870361328125e+02
1.236482696533203125e+02
1.554751586914062500e+02
1.524804840087890625e+02
1.182233734130859375e+02
1.022953796386718750e+02
9.842224121093750000e+01
9.743670654296875000e+01
9.860832214355468750e+01
1.067484207153320312e+02
1.352417449951171875e+02
1.586715850830078125e+02
1.273993606567382812e+02
1.029367828369140625e+02
9.511704254150390625e+01
9.265730285644531250e+01
9.242382049560546875e+01
9.527018737792968750e+01
1.070581970214843750e+02
1.418928070068359375e+02
1.534147644042968750e+02
1.141860046386718750e+02
9.479894256591796875e+01
9.097607421875000000e+01
9.023593139648437500e+01
9.462037658691406250e+01
1.109309082031250000e+02
1.451227722167968750e+02
1.387472686767578125e+02
1.044389343261718750e+02
9.116184234619140625e+01
8.718393707275390625e+01
8.683454132080078125e+01
9.026812744140625000e+01
1.060606536865234375e+02
1.391604919433593750e+02
1.354415130615234375e+02
1.018335113525390625e+02
8.824226379394531250e+01
8.529704284667968750e+01
8.866981506347656250e+01
1.035007858276367188e+02
1.331455688476562500e+02
1.294350891113281250e+02
1.005296478271484375e+02
8.864381408691406250e+01
8.604603576660156250e+01
9.125668334960937500e+01
1.083865203857421875e+02
1.299844055175781250e+02
1.165387878417968750e+02
9.497048950195312500e+01
8.705636596679687500e+01
8.828472137451171875e+01
9.757615661621093750e+01
1.156941680908203125e+02
1.196177749633789062e+02
1.020566253662109375e+02
9.014801025390625000e+01
8.696273803710937500e+01
9.085483551025390625e+01
1.029327239990234375e+02
1.158111419677734375e+02
1.082568511962890625e+02
9.450572204589843750e+01
8.718751525878906250e+01
8.825683593750000000e+01
9.541253662109375000e+01
1.073122253417968750e+02
1.097082824707031250e+02
9.736146545410156250e+01
8.761553955078125000e+01
8.512438201904296875e+01
8.916769409179687500e+01
9.988975524902343750e+01
1.060758361816406250e+02
9.979574584960937500e+01
8.964417266845703125e+01
8.294895935058593750e+01
8.307555389404296875e+01
8.966490173339843750e+01
1.025836868286132812e+02
1.075240020751953125e+02
9.403858947753906250e+01
8.272610473632812500e+01
7.941647338867187500e+01
8.031961059570312500e+01
8.928166961669921875e+01
1.034254531860351562e+02
1.024566040039062500e+02
8.993575286865234375e+01
8.120123291015625000e+01
7.858162689208984375e+01
8.147393798828125000e+01
9.160517883300781250e+01
1.012769775390625000e+02
9.639398193359375000e+01
8.593025207519531250e+01
8.045746612548828125e+01
8.055191040039062500e+01
8.600117492675781250e+01
9.494911193847656250e+01
9.778474426269531250e+01
9.114418029785156250e+01
8.420716094970703125e+01
8.282258605957031250e+01
8.534260559082031250e+01
9.118170166015625000e+01
9.276097106933593750e+01
9.017720031738281250e+01
8.636920166015625000e+01
8.198023986816406250e+01
8.187596893310546875e+01
8.620542907714843750e+01
9.117391967773437500e+01
8.938368225097656250e+01
8.436655426025390625e+01
8.213607788085937500e+01
8.406533813476562500e+01
8.589353942871093750e+01
8.535104370117187500e+01
8.415616607666015625e+01
8.333576965332031250e+01
8.344160461425781250e+01
8.434854125976562500e+01
8.423236083984375000e+01
8.382049560546875000e+01
8.287662506103515625e+01
8.387724304199218750e+01
8.463752746582031250e+01
8.410122680664062500e+01
8.196279907226562500e+01
8.054054260253906250e+01
8.091725921630859375e+01
8.207727050781250000e+01
8.140373229980468750e+01
8.171135711669921875e+01
8.042739868164062500e+01
8.042379760742187500e+01
7.983773040771484375e+01
8.006427764892578125e+01
8.096215057373046875e+01
8.263278961181640625e+01
8.206814575195312500e+01
8.031099700927734375e+01
7.886201477050781250e+01
7.828628540039062500e+01
7.875691223144531250e+01
8.080593872070312500e+01
8.169756317138671875e+01
8.146613311767578125e+01
7.867208099365234375e+01
7.687379455566406250e+01
7.638685607910156250e+01
7.930728149414062500e+01
8.214971923828125000e+01
8.098550415039062500e+01
7.686920166015625000e+01
7.518032836914062500e+01
7.550572204589843750e+01
7.938649749755859375e+01
8.101795959472656250e+01
7.959660339355468750e+01
7.652135467529296875e+01
7.522651672363281250e+01
7.500514984130859375e+01
7.757583618164062500e+01
7.954328918457031250e+01
7.900102996826171875e+01
7.578858947753906250e+01
7.321916198730468750e+01
7.372930908203125000e+01
7.757995605468750000e+01
7.928115844726562500e+01
7.808773803710937500e+01
7.523866271972656250e+01
7.215897369384765625e+01
7.196697998046875000e+01
7.479798126220703125e+01
7.962225341796875000e+01
7.972786712646484375e+01
7.508779907226562500e+01
7.228416442871093750e+01
7.077294921875000000e+01
7.267285156250000000e+01
7.701749420166015625e+01
8.006678771972656250e+01
7.760370635986328125e+01
7.251924896240234375e+01
7.044856262207031250e+01
7.193220520019531250e+01
7.545660400390625000e+01
7.755065917968750000e+01
7.417021942138671875e+01
7.029128265380859375e+01
7.035145568847656250e+01
7.437458801269531250e+01
7.913002014160156250e+01
7.642251586914062500e+01
7.035475921630859375e+01
6.677635955810546875e+01
6.902324676513671875e+01
7.461450958251953125e+01
7.707647705078125000e+01
7.448127746582031250e+01
7.005024719238281250e+01
6.926889038085937500e+01
7.201052093505859375e+01
7.567198944091796875e+01
7.497943115234375000e+01
7.103192901611328125e+01
6.794245147705078125e+01
6.820993041992187500e+01
7.204109191894531250e+01
7.773736572265625000e+01
7.618791198730468750e+01
7.101136779785156250e+01
6.697155761718750000e+01
6.639580535888671875e+01
7.085195922851562500e+01
7.505484008789062500e+01
7.458793640136718750e+01
7.097042083740234375e+01
6.912680053710937500e+01
6.858665466308593750e+01
7.023194885253906250e+01
7.225483703613281250e+01
7.205921936035156250e+01
7.020750427246093750e+01
6.880679321289062500e+01
6.821916961669921875e+01
7.055155181884765625e+01
7.170053100585937500e+01
7.080621337890625000e+01
6.856753540039062500e+01
6.789114379882812500e+01
6.855677032470703125e+01
6.933926391601562500e+01
6.947418212890625000e+01
6.834941101074218750e+01
6.758015441894531250e+01
6.812277221679687500e+01
6.964202880859375000e+01
7.120690917968750000e+01
6.981517791748046875e+01
6.800244140625000000e+01
6.701239013671875000e+01
6.768810272216796875e+01
6.972093963623046875e+01
7.087010955810546875e+01
6.933131408691406250e+01
6.643996429443359375e+01
6.545513916015625000e+01
6.710325622558593750e+01
7.000468444824218750e+01
6.949125671386718750e+01
6.758308410644531250e+01
6.576544189453125000e+01
6.483856201171875000e+01
6.654039001464843750e+01
6.914344024658203125e+01
6.926021575927734375e+01
6.723129272460937500e+01
6.434785461425781250e+01
6.384708786010742188e+01
6.740092468261718750e+01
7.049183654785156250e+01
6.835819244384765625e+01
6.399599456787109375e+01
6.357204437255859375e+01
6.562042999267578125e+01
6.932961273193359375e+01
7.005807495117187500e+01
6.690677642822265625e+01
6.475950622558593750e+01
6.419049835205078125e+01
6.486090087890625000e+01
6.854420471191406250e+01
6.811273193359375000e+01
6.512145996093750000e+01
6.368452453613281250e+01
6.358576965332031250e+01
6.668847656250000000e+01
6.608333587646484375e+01
6.506911468505859375e+01
6.465825653076171875e+01
6.493598175048828125e+01
6.583068847656250000e+01
6.651364898681640625e+01
6.515269470214843750e+01
6.484538269042968750e+01
6.380418395996093750e+01
6.517787170410156250e+01
6.486477661132812500e+01
6.478068542480468750e+01
6.506292724609375000e+01
6.504283905029296875e+01
6.377980041503906250e+01
6.315440750122070312e+01
6.421572113037109375e+01
6.566162109375000000e+01
6.444985961914062500e+01
6.296397781372070312e+01
6.223119735717773438e+01
6.401550292968750000e+01
6.475137329101562500e+01
6.288740539550781250e+01
6.104447174072265625e+01
6.169905471801757812e+01
6.401152038574218750e+01
6.631962585449218750e+01
6.477770996093750000e+01
6.153932189941406250e+01
6.092050933837890625e+01
6.245614624023437500e+01
6.538433837890625000e+01
6.448460388183593750e+01
6.166580963134765625e+01
5.974758148193359375e+01
6.048311996459960938e+01
6.290619277954101562e+01
6.536337280273437500e+01
6.422052764892578125e+01
6.118095779418945312e+01
5.975454711914062500e+01
6.028388214111328125e+01
6.279428100585937500e+01
6.432155609130859375e+01
6.340776062011718750e+01
6.006824111938476562e+01
5.861097717285156250e+01
6.037145996093750000e+01
6.373045730590820312e+01
6.468019104003906250e+01
6.202093124389648438e+01
5.836444854736328125e+01
5.746596145629882812e+01
6.056279754638671875e+01
6.470776367187500000e+01
6.383578872680664062e+01
6.059485626220703125e+01
5.789431762695312500e+01
5.947199630737304688e+01
6.197126007080078125e+01
6.270581817626953125e+01
6.054502105712890625e+01
5.964619445800781250e+01
5.982686996459960938e+01
6.226651763916015625e+01
6.340305709838867188e+01
6.093431472778320312e+01
5.801477050781250000e+01
5.889945220947265625e+01
6.159000778198242188e+01
6.337487030029296875e+01
6.127806091308593750e+01
5.842437362670898438e+01
5.786380767822265625e+01
6.041734313964843750e+01
6.159919738769531250e+01
6.058763504028320312e+01
5.854509353637695312e+01
5.844555664062500000e+01
5.916891098022460938e+01
6.097779464721679688e+01
6.090681076049804688e+01
5.962733840942382812e+01
5.819913482666015625e+01
5.852618789672851562e+01
