1.928561889648437500e+03
1.284511962890625000e+03
1.475780761718750000e+03
9.693751220703125000e+02
8.980328369140625000e+02
1.084293457031250000e+03
9.060022583007812500e+02
6.774650268554687500e+02
7.631206665039062500e+02
8.186884765625000000e+02
6.715744018554687500e+02
5.702739868164062500e+02
6.520642089843750000e+02
6.592102050781250000e+02
5.437095336914062500e+02
5.117564697265625000e+02
5.733906250000000000e+02
5.468589477539062500e+02
4.603447570800781250e+02
4.716115722656250000e+02
5.070792236328125000e+02
4.495998535156250000e+02
4.132073364257812500e+02
4.461876220703125000e+02
4.302207031250000000e+02
3.806681823730468750e+02
3.946465454101562500e+02
3.996575927734375000e+02
3.548747863769531250e+02
3.585485839843750000e+02
3.652885742187500000e+02
3.313186035156250000e+02
3.335708618164062500e+02
3.376976928710937500e+02
3.100417785644531250e+02
3.141746215820312500e+02
3.128309936523437500e+02
2.895739746093750000e+02
2.967039794921875000e+02
2.841760559082031250e+02
2.748929443359375000e+02
2.795329589843750000e+02
2.630056457519531250e+02
2.682053527832031250e+02
2.575429077148437500e+02
2.538910064697265625e+02
2.501207427978515625e+02
2.412767944335937500e+02
2.426771087646484375e+02
2.321618347167968750e+02
2.342453613281250000e+02
2.249555358886718750e+02
2.259588317871093750e+02
2.170447082519531250e+02
2.176551818847656250e+02
2.106417236328125000e+02
2.112650909423828125e+02
2.039294128417968750e+02
2.051247406005859375e+02
1.988112182617187500e+02
1.971901550292968750e+02
1.920264434814453125e+02
1.919893035888671875e+02
1.901174926757812500e+02
1.857600555419921875e+02
1.844156799316406250e+02
1.807873840332031250e+02
1.772798461914062500e+02
1.756127166748046875e+02
1.726259155273437500e+02
1.708387298583984375e+02
1.695950927734375000e+02
1.667910766601562500e+02
1.639764099121093750e+02
1.628949737548828125e+02
1.624446258544921875e+02
1.589413299560546875e+02
1.557673339843750000e+02
1.544162597656250000e+02
1.538730163574218750e+02
1.506573181152343750e+02
1.504259033203125000e+02
1.480083923339843750e+02
1.474347076416015625e+02
1.466471405029296875e+02
1.483339843750000000e+02
1.538103637695312500e+02
1.639915466308593750e+02
1.761033935546875000e+02
1.693688507080078125e+02
1.542834167480468750e+02
1.412615356445312500e+02
1.349584655761718750e+02
1.322261352539062500e+02
1.306682128906250000e+02
1.294471740722656250e+02
1.291889953613281250e+02
1.297767944335937500e+02
1.429671630859375000e+02
1.764106140136718750e+02
1.922321472167968750e+02
1.511339569091796875e+02
1.249866180419921875e+02
1.208583831787109375e+02
1.275508499145507812e+02
1.506522369384765625e+02
1.728977661132812500e+02
1.543493194580078125e+02
1.275984649658203125e+02
1.171315155029296875e+02
1.142676315307617188e+02
1.157598953247070312e+02
1.226851882934570312e+02
1.395613861083984375e+02
1.613194580078125000e+02
1.514173583984375000e+02
1.250181427001953125e+02
1.128538208007812500e+02
1.093461151123046875e+02
1.081965560913085938e+02
1.070381011962890625e+02
1.085680236816406250e+02
1.145174560546875000e+02
1.333343200683593750e+02
1.628257751464843750e+02
1.515097503662109375e+02
1.212697143554687500e+02
1.069543457031250000e+02
1.027575149536132812e+02
1.019247741699218750e+02
1.023847351074218750e+02
1.072860870361328125e+02
1.236482696533203125e+02
1.554751586914062500e+02
1.524804840087890625e+02
1.182233734130859375e+02
1.022953796386718750e+02
9.842224121093750000e+01
9.743670654296875000e+01
9.860832214355468750e+01
1.067484207153320312e+02
1.352417449951171875e+02
1.586715850830078125e+02
1.273993606567382812e+02
1.029367828369140625e+02
9.511704254150390625e+01
9.265730285644531250e+01
9.242382049560546875e+01
9.527018737792968750e+01
1.070581970214843750e+02
1.418928070068359375e+02
1.534147644042968750e+02
1.141860046386718750e+02
9.479894256591796875e+01
9.097607421875000000e+01
9.023593139648437500e+01
9.462037658691406250e+01
1.109309082031250000e+02
1.451227722167968750e+02
1.387472686767578125e+02
1.044389343261718750e+02
9.116184234619140625e+01
8.718393707275390625e+01
8.683454132080078125e+01
9.026812744140625000e+01
1.060606536865234375e+02
1.391604919433593750e+02
1.354415130615234375e+02
1.018335113525390625e+02
8.824226379394531250e+01
8.529704284667968750e+01
8.866981506347656250e+01
1.035007858276367188e+02
1.331455688476562500e+02
1.294350891113281250e+02
1.005296478271484375e+02
8.864381408691406250e+01
8.604603576660156250e+01
9.125668334960937500e+01
1.083865203857421875e+02
1.299844055175781250e+02
1.165387878417968750e+02
9.497048950195312500e+01
8.705636596679687500e+01
8.828472137451171875e+01
9.757615661621093750e+01
1.156941680908203125e+02
1.196177749633789062e+02
1.020566253662109375e+02
9.014801025390625000e+01
8.696273803710937500e+01
9.085483551025390625e+01
1.029327239990234375e+02
1.158111419677734375e+02
1.082568511962890625e+02
9.450572204589843750e+01
8.718751525878906250e+01
8.825683593750000000e+01
9.541253662109375000e+01
1.073122253417968750e+02
1.097082824707031250e+02
9.736146545410156250e+01
8.761553955078125000e+01
8.512438201904296875e+01
8.916769409179687500e+01
9.988975524902343750e+01
1.060758361816406250e+02
9.979574584960937500e+01
8.964417266845703125e+01
8.294895935058593750e+01
8.307555389404296875e+01
8.966490173339843750e+01
1.025836868286132812e+02
1.075240020751953125e+02
9.403858947753906250e+01
8.272610473632812500e+01
7.941647338867187500e+01
8.031961059570312500e+01
8.928166961669921875e+01
1.034254531860351562e+02
1.024566040039062500e+02
8.993575286865234375e+01
8.120123291015625000e+01
7.858162689208984375e+01
8.147393798828125000e+01
9.160517883300781250e+01
1.012769775390625000e+02
9.639398193359375000e+01
8.593025207519531250e+01
8.045746612548828125e+01
8.055191040039062500e+01
8.600117492675781250e+01
9.494911193847656250e+01
9.778474426269531250e+01
9.114418029785156250e+01
8.420716094970703125e+01
8.282258605957031250e+01
8.534260559082031250e+01
9.118170166015625000e+01
9.276097106933593750e+01
9.017720031738281250e+01
8.636920166015625000e+01
8.198023986816406250e+01
8.187596893310546875e+01
8.620542907714843750e+01
9.117391967773437500e+01
8.938368225097656250e+01
8.436655426025390625e+01
8.213607788085937500e+01
8.406533813476562500e+01
8.589353942871093750e+01
8.535104370117187500e+01
8.415616607666015625e+01
8.333576965332031250e+01
8.344160461425781250e+01
8.434854125976562500e+01
8.423236083984375000e+01
8.382049560546875000e+01
8.287662506103515625e+01
8.387724304199218750e+01
8.463752746582031250e+01
8.410122680664062500e+01
8.196279907226562500e+01
8.054054260253906250e+01
8.091725921630859375e+01
8.207727050781250000e+01
8.140373229980468750e+01
8.171135711669921875e+01
8.042739868164062500e+01
8.042379760742187500e+01
7.983773040771484375e+01
8.006427764892578125e+01
8.096215057373046875e+01
8.263278961181640625e+01
8.206814575195312500e+01
8.031099700927734375e+01
7.886201477050781250e+01
7.828628540039062500e+01
7.875691223144531250e+01
8.080593872070312500e+01
8.169756317138671875e+01
8.146613311767578125e+01
7.867208099365234375e+01
7.687379455566406250e+01
7.638685607910156250e+01
7.930728149414062500e+01
8.214971923828125000e+01
8.098550415039062500e+01
7.686920166015625000e+01
7.518032836914062500e+01
7.550572204589843750e+01
7.938649749755859375e+01
8.101795959472656250e+01
7.959660339355468750e+01
7.652135467529296875e+01
7.522651672363281250e+01
7.500514984130859375e+01
7.757583618164062500e+01
7.954328918457031250e+01
7.900102996826171875e+01
7.578858947753906250e+01
7.321916198730468750e+01
7.372930908203125000e+01
7.757995605468750000e+01
7.928115844726562500e+01
7.808773803710937500e+01
7.523866271972656250e+01
7.215897369384765625e+01
7.196697998046875000e+01
7.479798126220703125e+01
7.962225341796875000e+01
7.972786712646484375e+01
7.508779907226562500e+01
7.228416442871093750e+01
7.077294921875000000e+01
7.267285156250000000e+01
7.701749420166015625e+01
8.006678771972656250e+01
7.760370635986328125e+01
7.251924896240234375e+01
7.044856262207031250e+01
7.193220520019531250e+01
7.545660400390625000e+01
7.755065917968750000e+01
7.417021942138671875e+01
7.029128265380859375e+01
7.035145568847656250e+01
7.437458801269531250e+01
7.913002014160156250e+01
7.642251586914062500e+01
7.035475921630859375e+01
6.677635955810546875e+01
6.902324676513671875e+01
7.461450958251953125e+01
7.707647705078125000e+01
7.448127746582031250e+01
7.005024719238281250e+01
6.926889038085937500e+01
7.201052093505859375e+01
7.567198944091796875e+01
7.497943115234375000e+01
7.103192901611328125e+01
6.794245147705078125e+01
6.820993041992187500e+01
7.204109191894531250e+01
7.773736572265625000e+01
7.618791198730468750e+01
7.101136779785156250e+01
6.697155761718750000e+01
6.639580535888671875e+01
7.085195922851562500e+01
7.505484008789062500e+01
7.458793640136718750e+01
7.097042083740234375e+01
6.912680053710937500e+01
6.858665466308593750e+01
7.023194885253906250e+01
7.225483703613281250e+01
7.205921936035156250e+01
7.020750427246093750e+01
6.880679321289062500e+01
6.821916961669921875e+01
7.055155181884765625e+01
7.170053100585937500e+01
7.080621337890625000e+01
6.856753540039062500e+01
6.789114379882812500e+01
6.855677032470703125e+01
6.933926391601562500e+01
6.947418212890625000e+01
6.834941101074218750e+01
6.758015441894531250e+01
6.812277221679687500e+01
6.964202880859375000e+01
7.120690917968750000e+01
6.981517791748046875e+01
6.800244140625000000e+01
6.701239013671875000e+01
6.768810272216796875e+01
6.972093963623046875e+01
7.087010955810546875e+01
6.933131408691406250e+01
6.643996429443359375e+01
6.545513916015625000e+01
6.710325622558593750e+01
7.000468444824218750e+01
6.949125671386718750e+01
6.758308410644531250e+01
6.576544189453125000e+01
6.483856201171875000e+01
6.654039001464843750e+01
6.914344024658203125e+01
6.926021575927734375e+01
6.723129272460937500e+01
6.434785461425781250e+01
6.384708786010742188e+01
6.740092468261718750e+01
7.049183654785156250e+01
6.835819244384765625e+01
6.399599456787109375e+01
6.357204437255859375e+01
6.562042999267578125e+01
6.932961273193359375e+01
7.005807495117187500e+01
6.690677642822265625e+01
6.475950622558593750e+01
6.419049835205078125e+01
6.486090087890625000e+01
6.854420471191406250e+01
6.811273193359375000e+01
6.512145996093750000e+01
6.368452453613281250e+01
6.358576965332031250e+01
6.668847656250000000e+01
6.608333587646484375e+01
6.506911468505859375e+01
6.465825653076171875e+01
6.493598175048828125e+01
6.583068847656250000e+01
6.651364898681640625e+01
6.515269470214843750e+01
6.484538269042968750e+01
6.380418395996093750e+01
6.517787170410156250e+01
6.486477661132812500e+01
6.478068542480468750e+01
6.506292724609375000e+01
6.504283905029296875e+01
6.377980041503906250e+01
6.315440750122070312e+01
6.421572113037109375e+01
6.566162109375000000e+01
6.444985961914062500e+01
6.296397781372070312e+01
6.223119735717773438e+01
6.401550292968750000e+01
6.475137329101562500e+01
6.288740539550781250e+01
6.104447174072265625e+01
6.169905471801757812e+01
6.401152038574218750e+01
6.631962585449218750e+01
6.477770996093750000e+01
6.153932189941406250e+01
6.092050933837890625e+01
6.245614624023437500e+01
6.538433837890625000e+01
6.448460388183593750e+01
6.166580963134765625e+01
5.974758148193359375e+01
6.048311996459960938e+01
6.290619277954101562e+01
6.536337280273437500e+01
6.422052764892578125e+01
6.118095779418945312e+01
5.975454711914062500e+01
6.028388214111328125e+01
6.279428100585937500e+01
6.432155609130859375e+01
6.340776062011718750e+01
6.006824111938476562e+01
5.861097717285156250e+01
6.037145996093750000e+01
6.373045730590820312e+01
6.468019104003906250e+01
6.202093124389648438e+01
5.836444854736328125e+01
5.746596145629882812e+01
6.056279754638671875e+01
6.470776367187500000e+01
6.383578872680664062e+01
6.059485626220703125e+01
5.789431762695312500e+01
5.947199630737304688e+01
6.197126007080078125e+01
6.270581817626953125e+01
6.054502105712890625e+01
5.964619445800781250e+01
5.982686996459960938e+01
6.226651763916015625e+01
6.340305709838867188e+01
6.093431472778320312e+01
5.801477050781250000e+01
5.889945220947265625e+01
6.159000778198242188e+01
6.337487030029296875e+01
6.127806091308593750e+01
5.842437362670898438e+01
5.786380767822265625e+01
6.041734313964843750e+01
6.159919738769531250e+01
6.058763504028320312e+01
5.854509353637695312e+01
5.844555664062500000e+01
5.916891098022460938e+01
6.097779464721679688e+01
6.090681076049804688e+01
5.962733840942382812e+01
5.819913482666015625e+01
5.852618789672851562e+01
6.004106903076171875e+01
6.134506988525390625e+01
6.069231414794921875e+01
5.915803527832031250e+01
5.713733673095703125e+01
5.744377136230468750e+01
5.859526824951171875e+01
5.987964630126953125e+01
6.033211517333984375e+01
5.874259567260742188e+01
5.750885772705078125e+01
5.768173217773437500e+01
5.889581298828125000e+01
5.958813095092773438e+01
5.936299896240234375e+01
5.808949279785156250e+01
5.685189056396484375e+01
5.733732986450195312e+01
5.950520706176757812e+01
5.972593688964843750e+01
5.733465576171875000e+01
5.685604476928710938e+01
5.737459564208984375e+01
5.918852233886718750e+01
5.982294464111328125e+01
5.912411880493164062e+01
5.733378601074218750e+01
5.643347930908203125e+01
5.716509246826171875e+01
5.838655471801757812e+01
5.888988494873046875e+01
5.823358917236328125e+01
5.584107971191406250e+01
5.556544494628906250e+01
5.831446075439453125e+01
6.096693420410156250e+01
5.968956756591796875e+01
5.625069808959960938e+01
5.356309890747070312e+01
5.503215026855468750e+01
5.909614562988281250e+01
6.061494827270507812e+01
5.676640319824218750e+01
5.310051727294921875e+01
5.321960067749023438e+01
5.761914062500000000e+01
6.095516586303710938e+01
5.847410583496093750e+01
5.380904388427734375e+01
5.394622039794921875e+01
5.773131561279296875e+01
5.972994995117187500e+01
5.803419876098632812e+01
5.512995147705078125e+01
5.431008911132812500e+01
5.636857223510742188e+01
5.786218261718750000e+01
5.716706848144531250e+01
5.469544601440429688e+01
5.433927154541015625e+01
5.537026596069335938e+01
5.826541900634765625e+01
5.907703781127929688e+01
5.644733810424804688e+01
5.430530548095703125e+01
5.514810562133789062e+01
5.590766143798828125e+01
5.747208023071289062e+01
5.686634063720703125e+01
5.550260162353515625e+01
5.411374664306640625e+01
5.507750701904296875e+01
5.537212371826171875e+01
5.559857177734375000e+01
5.451883316040039062e+01
5.524907684326171875e+01
5.567947387695312500e+01
5.608562469482421875e+01
5.510214614868164062e+01
5.505835342407226562e+01
5.517129898071289062e+01
5.527490997314453125e+01
5.613699340820312500e+01
5.555908966064453125e+01
5.501391220092773438e+01
5.439069747924804688e+01
5.561143112182617188e+01
5.659161376953125000e+01
5.576568603515625000e+01
5.435708236694335938e+01
5.301271820068359375e+01
5.302281951904296875e+01
5.517179870605468750e+01
5.657814407348632812e+01
5.492333602905273438e+01
5.290104675292968750e+01
5.311640548706054688e+01
5.432580566406250000e+01
5.503354263305664062e+01
5.442760467529296875e+01
5.354250335693359375e+01
5.338589859008789062e+01
5.478621673583984375e+01
5.536815643310546875e+01
5.430690765380859375e+01
5.316918945312500000e+01
5.402050781250000000e+01
5.618124389648437500e+01
5.583512878417968750e+01
5.445603561401367188e+01
5.222444152832031250e+01
5.195766448974609375e+01
5.378818130493164062e+01
5.514929962158203125e+01
5.318565750122070312e+01
5.236863327026367188e+01
5.342132568359375000e+01
5.542112731933593750e+01
5.427542877197265625e+01
5.160085296630859375e+01
5.013605880737304688e+01
5.181581115722656250e+01
5.532671356201171875e+01
5.534135818481445312e+01
5.102642440795898438e+01
5.004434204101562500e+01
5.238835144042968750e+01
5.505052947998046875e+01
5.514519882202148438e+01
5.297264862060546875e+01
5.110527801513671875e+01
5.134479141235351562e+01
5.300811004638671875e+01
5.441128540039062500e+01
5.382460403442382812e+01
5.213542938232421875e+01
5.172466278076171875e+01
5.307555007934570312e+01
5.408428955078125000e+01
5.289727783203125000e+01
5.083155441284179688e+01
5.130205917358398438e+01
5.334911727905273438e+01
5.435029602050781250e+01
5.214247894287109375e+01
5.016394805908203125e+01
5.114586639404296875e+01
5.320259094238281250e+01
5.350719451904296875e+01
5.152312469482421875e+01
4.971327972412109375e+01
5.122185516357421875e+01
5.345490264892578125e+01
5.374724197387695312e+01
5.223679351806640625e+01
5.121485137939453125e+01
5.081199264526367188e+01
5.201104736328125000e+01
5.319962310791015625e+01
5.242513656616210938e+01
5.021861267089843750e+01
5.039213180541992188e+01
5.215961456298828125e+01
5.406132125854492188e+01
5.293529129028320312e+01
5.039753723144531250e+01
4.892654418945312500e+01
5.065750122070312500e+01
5.368704223632812500e+01
5.406532669067382812e+01
4.993002319335937500e+01
4.731373596191406250e+01
4.816255187988281250e+01
5.277630615234375000e+01
5.471788024902343750e+01
5.122248840332031250e+01
4.797532653808593750e+01
4.889695739746093750e+01
5.229067611694335938e+01
5.429616546630859375e+01
5.112295532226562500e+01
4.859447097778320312e+01
4.882306671142578125e+01
5.084452819824218750e+01
5.300091552734375000e+01
5.210391998291015625e+01
4.852365875244140625e+01
4.815397644042968750e+01
5.073091888427734375e+01
5.400426101684570312e+01
5.088790893554687500e+01
4.766261291503906250e+01
4.822898864746093750e+01
5.092092895507812500e+01
5.323813629150390625e+01
5.172528839111328125e+01
4.873068618774414062e+01
4.806454086303710938e+01
5.018357467651367188e+01
5.220299148559570312e+01
5.058908462524414062e+01
4.801328659057617188e+01
4.773762130737304688e+01
5.013809967041015625e+01
5.162165069580078125e+01
5.197207641601562500e+01
4.963856124877929688e+01
4.896244812011718750e+01
4.998298645019531250e+01
5.180682754516601562e+01
5.113065338134765625e+01
4.866540527343750000e+01
4.813315582275390625e+01
4.993877410888671875e+01
5.107798004150390625e+01
4.970975494384765625e+01
4.817697906494140625e+01
4.855817413330078125e+01
5.067800140380859375e+01
5.195011138916015625e+01
4.970948028564453125e+01
4.714444732666015625e+01
4.699394989013671875e+01
4.996498107910156250e+01
5.178717041015625000e+01
4.956041717529296875e+01
4.722784423828125000e+01
4.856519317626953125e+01
5.049322509765625000e+01
5.132946014404296875e+01
4.820042419433593750e+01
4.597154998779296875e+01
4.657726287841796875e+01
4.959883117675781250e+01
5.083742523193359375e+01
4.925023269653320312e+01
4.763924026489257812e+01
4.764243316650390625e+01
4.946422576904296875e+01
5.069872283935546875e+01
4.884195709228515625e+01
4.637088012695312500e+01
4.714610671997070312e+01
4.971713256835937500e+01
5.136435317993164062e+01
4.879012298583984375e+01
4.655907440185546875e+01
4.689940261840820312e+01
4.858502197265625000e+01
5.053816986083984375e+01
4.965601348876953125e+01
4.707006072998046875e+01
4.697135925292968750e+01
4.841381072998046875e+01
5.024234008789062500e+01
4.940259933471679688e+01
4.700984191894531250e+01
4.631319427490234375e+01
4.715196228027343750e+01
4.942544174194335938e+01
4.910739135742187500e+01
4.722697448730468750e+01
4.588352203369140625e+01
4.800389480590820312e+01
4.969609069824218750e+01
4.944522094726562500e+01
4.619869232177734375e+01
4.550288772583007812e+01
4.757376861572265625e+01
5.051233291625976562e+01
4.908726119995117188e+01
4.611356735229492188e+01
4.575770568847656250e+01
4.826867675781250000e+01
4.953692626953125000e+01
4.846163940429687500e+01
4.613652038574218750e+01
4.604662322998046875e+01
4.721707153320312500e+01
4.918897628784179688e+01
4.943801498413085938e+01
4.721813964843750000e+01
4.515054702758789062e+01
4.602864837646484375e+01
4.891701507568359375e+01
4.889542007446289062e+01
4.639949035644531250e+01
4.553022003173828125e+01
4.708260345458984375e+01
4.815160369873046875e+01
4.764678955078125000e+01
4.592554092407226562e+01
4.661095809936523438e+01
4.791606140136718750e+01
4.835199737548828125e+01
4.723571014404296875e+01
4.603140640258789062e+01
4.576406860351562500e+01
4.649130249023437500e+01
4.795783233642578125e+01
4.797297668457031250e+01
4.707077026367187500e+01
4.555298233032226562e+01
4.591445159912109375e+01
4.764767074584960938e+01
4.808176422119140625e+01
4.618347549438476562e+01
4.473431396484375000e+01
4.526210784912109375e+01
4.797563171386718750e+01
4.749224090576171875e+01
4.590863037109375000e+01
4.593222045898437500e+01
4.717546463012695312e+01
4.683590316772460938e+01
4.627617263793945312e+01
4.611737442016601562e+01
4.652850341796875000e+01
4.689265823364257812e+01
4.742633819580078125e+01
4.640073394775390625e+01
4.500942230224609375e+01
4.487013626098632812e+01
4.703134155273437500e+01
4.763194274902343750e+01
4.633481979370117188e+01
4.548043060302734375e+01
4.506947708129882812e+01
4.627893829345703125e+01
4.718426895141601562e+01
4.646891021728515625e+01
4.553649139404296875e+01
4.529783630371093750e+01
4.576276016235351562e+01
4.577180862426757812e+01
4.543235397338867188e+01
4.557891464233398438e+01
4.574387359619140625e+01
4.614297485351562500e+01
4.560772323608398438e+01
4.490414428710937500e+01
4.426800537109375000e+01
4.589382553100585938e+01
4.686980056762695312e+01
4.560968399047851562e+01
4.440651702880859375e+01
4.444253921508789062e+01
4.606107330322265625e+01
4.636224365234375000e+01
4.496076583862304688e+01
4.516757965087890625e+01
4.566607284545898438e+01
4.612334060668945312e+01
4.474499893188476562e+01
4.407008743286132812e+01
4.524024963378906250e+01
4.636247634887695312e+01
4.554043579101562500e+01
4.415768432617187500e+01
4.432270050048828125e+01
4.548326110839843750e+01
4.593051528930664062e+01
4.416679763793945312e+01
4.347823715209960938e+01
4.501184082031250000e+01
4.610821533203125000e+01
4.508027267456054688e+01
4.373001861572265625e+01
4.416135406494140625e+01
4.530802917480468750e+01
4.557379150390625000e+01
4.481354522705078125e+01
4.359610748291015625e+01
4.463856506347656250e+01
4.604838180541992188e+01
4.545027160644531250e+01
4.267672729492187500e+01
4.277336883544921875e+01
4.486621856689453125e+01
4.698865509033203125e+01
4.595523834228515625e+01
4.318634033203125000e+01
4.243349456787109375e+01
4.382602310180664062e+01
4.561449432373046875e+01
4.574027633666992188e+01
4.462973022460937500e+01
4.316555023193359375e+01
4.347809600830078125e+01
4.461505889892578125e+01
4.515550231933593750e+01
4.476154327392578125e+01
4.447052764892578125e+01
4.391420364379882812e+01
4.399932479858398438e+01
4.374623107910156250e+01
4.299680328369140625e+01
4.346976470947265625e+01
4.454200744628906250e+01
4.518739318847656250e+01
4.529639434814453125e+01
4.449390029907226562e+01
4.312406921386718750e+01
4.368280792236328125e+01
4.477722167968750000e+01
4.447610092163085938e+01
4.332063293457031250e+01
4.273696136474609375e+01
4.315225219726562500e+01
4.429488372802734375e+01
4.467929077148437500e+01
4.319190979003906250e+01
4.209877395629882812e+01
4.310365676879882812e+01
4.407579803466796875e+01
4.457972717285156250e+01
4.413148498535156250e+01
4.284258651733398438e+01
4.279583740234375000e+01
4.426336669921875000e+01
4.509558105468750000e+01
4.375018310546875000e+01
4.165117263793945312e+01
4.265733337402343750e+01
4.499798583984375000e+01
4.438449096679687500e+01
4.281114578247070312e+01
4.164116668701171875e+01
4.296478271484375000e+01
4.363742065429687500e+01
4.335678100585937500e+01
4.286988067626953125e+01
4.272067260742187500e+01
4.363521575927734375e+01
4.411161422729492188e+01
4.348663330078125000e+01
4.220473480224609375e+01
4.171923065185546875e+01
4.270769500732421875e+01
4.387655639648437500e+01
4.347219467163085938e+01
4.246808624267578125e+01
4.206101989746093750e+01
4.323370361328125000e+01
4.430847167968750000e+01
4.319719696044921875e+01
4.198685073852539062e+01
4.242633819580078125e+01
4.338666534423828125e+01
4.374568557739257812e+01
4.218406677246093750e+01
4.174563980102539062e+01
4.234812927246093750e+01
4.384275817871093750e+01
4.368212890625000000e+01
4.214001846313476562e+01
4.119566345214843750e+01
4.225212860107421875e+01
4.341409301757812500e+01
4.370716094970703125e+01
4.176015472412109375e+01
4.063674163818359375e+01
4.118719482421875000e+01
4.375475311279296875e+01
4.448003387451171875e+01
4.246688842773437500e+01
4.111642456054687500e+01
4.221037292480468750e+01
4.313071060180664062e+01
4.320895385742187500e+01
4.181916046142578125e+01
4.137219619750976562e+01
4.163132476806640625e+01
4.336384582519531250e+01
4.291362380981445312e+01
4.151500701904296875e+01
4.119642639160156250e+01
4.290560150146484375e+01
4.347768402099609375e+01
4.240441131591796875e+01
4.076240539550781250e+01
4.082196044921875000e+01
4.170351409912109375e+01
4.369886398315429688e+01
4.268748474121093750e+01
4.142661285400390625e+01
4.136949157714843750e+01
4.249014282226562500e+01
4.279139709472656250e+01
4.142893218994140625e+01
4.094327545166015625e+01
4.173795318603515625e+01
4.201000213623046875e+01
4.143677902221679688e+01
4.098947906494140625e+01
4.225741195678710938e+01
4.251219940185546875e+01
4.180251693725585938e+01
4.138545989990234375e+01
4.122232055664062500e+01
4.098825073242187500e+01
4.138783264160156250e+01
4.201449584960937500e+01
4.235803985595703125e+01
4.104707336425781250e+01
4.113294982910156250e+01
4.215504074096679688e+01
4.288589096069335938e+01
4.105318450927734375e+01
4.031375503540039062e+01
4.085995864868164062e+01
4.213439941406250000e+01
4.237253570556640625e+01
4.118022537231445312e+01
4.027890777587890625e+01
4.101171493530273438e+01
4.186597442626953125e+01
4.212505340576171875e+01
4.084480285644531250e+01
4.023891448974609375e+01
4.040848159790039062e+01
4.109205627441406250e+01
4.156707763671875000e+01
4.083521270751953125e+01
4.099783325195312500e+01
4.154298782348632812e+01
4.127531433105468750e+01
4.008057403564453125e+01
3.975599670410156250e+01
4.135065078735351562e+01
4.140898513793945312e+01
4.119159698486328125e+01
4.059073257446289062e+01
4.061648559570312500e+01
4.046221923828125000e+01
4.120606994628906250e+01
4.162168121337890625e+01
4.119496154785156250e+01
4.023683547973632812e+01
4.001943588256835938e+01
4.071697235107421875e+01
4.167879486083984375e+01
4.184811782836914062e+01
4.073975372314453125e+01
3.934682846069335938e+01
3.991326522827148438e+01
4.192008590698242188e+01
4.246268463134765625e+01
3.939910125732421875e+01
3.867624664306640625e+01
3.933335113525390625e+01
4.168297195434570312e+01
4.149899291992187500e+01
3.981822204589843750e+01
3.828524017333984375e+01
4.094241714477539062e+01
4.245274353027343750e+01
4.107244110107421875e+01
3.912691879272460938e+01
3.860226440429687500e+01
3.993044281005859375e+01
4.180353164672851562e+01
4.068623352050781250e+01
3.871619033813476562e+01
3.879500579833984375e+01
4.106433486938476562e+01
4.273893356323242188e+01
4.117881011962890625e+01
3.804449081420898438e+01
3.788088989257812500e+01
4.168634033203125000e+01
4.375071334838867188e+01
3.961057281494140625e+01
3.685900878906250000e+01
3.812757873535156250e+01
4.250006866455078125e+01
4.321918869018554688e+01
3.926179122924804688e+01
3.672275543212890625e+01
3.884516906738281250e+01
4.274604034423828125e+01
4.211175537109375000e+01
3.836243438720703125e+01
3.670059204101562500e+01
3.929182052612304688e+01
4.259230804443359375e+01
4.172412109375000000e+01
3.822633361816406250e+01
3.800424957275390625e+01
4.058525085449218750e+01
4.197717285156250000e+01
4.037446975708007812e+01
3.806343460083007812e+01
3.826495742797851562e+01
4.006955718994140625e+01
4.221556472778320312e+01
3.994454193115234375e+01
3.789397430419921875e+01
3.809777069091796875e+01
4.057339859008789062e+01
4.171850585937500000e+01
3.949569320678710938e+01
3.700606536865234375e+01
3.831000518798828125e+01
4.179688262939453125e+01
4.211610412597656250e+01
3.722642517089843750e+01
3.540254211425781250e+01
3.893858337402343750e+01
4.392556762695312500e+01
4.080172729492187500e+01
3.666939544677734375e+01
3.639681243896484375e+01
3.961021804809570312e+01
4.211023712158203125e+01
3.959742736816406250e+01
3.638503265380859375e+01
3.660478210449218750e+01
4.019064712524414062e+01
4.222313690185546875e+01
3.907619476318359375e+01
3.617996597290039062e+01
3.767396926879882812e+01
4.127256011962890625e+01
4.108301544189453125e+01
3.779518127441406250e+01
3.579733657836914062e+01
3.849920654296875000e+01
4.256583023071289062e+01
4.061972045898437500e+01
3.633187484741210938e+01
3.592069244384765625e+01
3.974945449829101562e+01
4.235023498535156250e+01
3.845079803466796875e+01
3.547220230102539062e+01
3.690644073486328125e+01
4.085974121093750000e+01
4.206956100463867188e+01
3.803801727294921875e+01
3.559521102905273438e+01
3.763520812988281250e+01
4.134464263916015625e+01
4.210548400878906250e+01
3.712903213500976562e+01
3.476302719116210938e+01
3.696684265136718750e+01
4.159256362915039062e+01
4.118696975708007812e+01
3.743185043334960938e+01
3.557385253906250000e+01
3.814019775390625000e+01
4.237296676635742188e+01
4.086970901489257812e+01
3.647930908203125000e+01
3.534302902221679688e+01
3.848973846435546875e+01
4.250420379638671875e+01
3.952716064453125000e+01
3.576692199707031250e+01
3.614201354980468750e+01
3.967177200317382812e+01
4.098151016235351562e+01
3.835607147216796875e+01
3.647400665283203125e+01
3.771975708007812500e+01
3.950067901611328125e+01
3.874110794067382812e+01
3.791843795776367188e+01
3.784895706176757812e+01
3.832891464233398438e+01
3.817810058593750000e+01
3.752372741699218750e+01
3.795704650878906250e+01
3.902710342407226562e+01
3.885049438476562500e+01
3.747782516479492188e+01
3.718910980224609375e+01
3.862378692626953125e+01
3.926009368896484375e+01
3.801502990722656250e+01
3.792718505859375000e+01
3.797245788574218750e+01
3.835148620605468750e+01
3.800726318359375000e+01
3.786220932006835938e+01
3.748984527587890625e+01
3.764224243164062500e+01
3.812979125976562500e+01
3.827729797363281250e+01
3.780177307128906250e+01
3.817398834228515625e+01
3.807704925537109375e+01
3.760232543945312500e+01
3.781229782104492188e+01
3.814167785644531250e+01
3.785334014892578125e+01
3.768425369262695312e+01
3.799544525146484375e+01
3.877962493896484375e+01
3.755368041992187500e+01
3.761011886596679688e+01
3.797126388549804688e+01
3.857260131835937500e+01
3.767064666748046875e+01
3.782823181152343750e+01
3.771218490600585938e+01
3.694471740722656250e+01
3.681385040283203125e+01
3.749495697021484375e+01
3.883424758911132812e+01
3.888904571533203125e+01
3.613942718505859375e+01
3.544782257080078125e+01
3.725566482543945312e+01
3.932336044311523438e+01
3.768209457397460938e+01
3.647351074218750000e+01
3.627653503417968750e+01
3.788638305664062500e+01
3.856068038940429688e+01
3.574378967285156250e+01
3.571949005126953125e+01
3.764619827270507812e+01
3.947675323486328125e+01
3.782681655883789062e+01
3.564901733398437500e+01
3.575400543212890625e+01
3.820991516113281250e+01
3.848262405395507812e+01
3.666297912597656250e+01
3.581713485717773438e+01
3.572461700439453125e+01
3.727374267578125000e+01
3.800548553466796875e+01
3.763324737548828125e+01
3.692510986328125000e+01
3.715594482421875000e+01
3.748982620239257812e+01
3.697389221191406250e+01
3.696059417724609375e+01
3.724015808105468750e+01
3.696171569824218750e+01
3.719744110107421875e+01
3.666308593750000000e+01
3.666083526611328125e+01
3.721055984497070312e+01
3.743098068237304688e+01
3.771036911010742188e+01
3.699936294555664062e+01
3.640189361572265625e+01
3.655014801025390625e+01
3.705031204223632812e+01
3.765895462036132812e+01
3.684387969970703125e+01
3.612750625610351562e+01
3.643394470214843750e+01
3.755377578735351562e+01
3.767700958251953125e+01
3.618132781982421875e+01
3.684905242919921875e+01
3.672501373291015625e+01
3.677285385131835938e+01
3.640137481689453125e+01
3.647840881347656250e+01
3.781193542480468750e+01
3.678918457031250000e+01
3.509362030029296875e+01
3.564716339111328125e+01
3.827555847167968750e+01
3.831559753417968750e+01
3.606091690063476562e+01
3.456629943847656250e+01
3.584771728515625000e+01
3.836444091796875000e+01
3.790086364746093750e+01
3.498273468017578125e+01
3.374010467529296875e+01
3.614364624023437500e+01
3.964485168457031250e+01
3.620998382568359375e+01
3.314779663085937500e+01
3.466900634765625000e+01
3.948926544189453125e+01
3.847162628173828125e+01
3.428984451293945312e+01
3.321424865722656250e+01
3.600100708007812500e+01
3.921833801269531250e+01
3.735124588012695312e+01
3.377752685546875000e+01
3.449072265625000000e+01
3.681066131591796875e+01
3.817197036743164062e+01
3.533285522460937500e+01
3.304687881469726562e+01
3.584370803833007812e+01
3.870064544677734375e+01
3.680904769897460938e+01
3.427169036865234375e+01
3.408839035034179688e+01
3.676027679443359375e+01
3.924593734741210938e+01
3.639158630371093750e+01
3.367387390136718750e+01
3.495616149902343750e+01
3.828865051269531250e+01
3.751214599609375000e+01
3.406253051757812500e+01
3.396600341796875000e+01
3.650975799560546875e+01
3.885494613647460938e+01
3.644602203369140625e+01
3.357077026367187500e+01
3.363399505615234375e+01
3.769122695922851562e+01
3.866316223144531250e+01
3.517546844482421875e+01
3.301144409179687500e+01
3.527245712280273438e+01
3.873667144775390625e+01
3.712960815429687500e+01
3.375688552856445312e+01
3.408612060546875000e+01
3.696450042724609375e+01
3.859914016723632812e+01
3.535615921020507812e+01
3.318981933593750000e+01
3.487688827514648438e+01
3.864694595336914062e+01
3.680955886840820312e+01
3.352382659912109375e+01
3.350543212890625000e+01
3.632206726074218750e+01
3.851643371582031250e+01
3.612637329101562500e+01
3.348155212402343750e+01
3.372075653076171875e+01
3.637874603271484375e+01
3.764589691162109375e+01
3.534654998779296875e+01
3.355938720703125000e+01
3.373002624511718750e+01
3.670638275146484375e+01
3.755501556396484375e+01
3.505011749267578125e+01
3.351820373535156250e+01
3.575822067260742188e+01
3.773674011230468750e+01
3.648348236083984375e+01
3.412946319580078125e+01
3.402143096923828125e+01
3.628577041625976562e+01
3.784172058105468750e+01
3.514067840576171875e+01
3.305139923095703125e+01
3.414598846435546875e+01
3.698255538940429688e+01
3.761960601806640625e+01
3.465425109863281250e+01
3.336555480957031250e+01
3.509761047363281250e+01
3.711158752441406250e+01
3.625326538085937500e+01
3.408203887939453125e+01
3.434188842773437500e+01
3.578416442871093750e+01
3.609209060668945312e+01
3.468696594238281250e+01
3.438852310180664062e+01
3.588279724121093750e+01
3.676811981201171875e+01
3.437979888916015625e+01
3.305866241455078125e+01
3.406932067871093750e+01
3.703707885742187500e+01
3.657633972167968750e+01
3.395075225830078125e+01
3.347989273071289062e+01
3.560210800170898438e+01
3.646674346923828125e+01
3.532448196411132812e+01
3.377893829345703125e+01
3.422811508178710938e+01
3.525209045410156250e+01
3.644381713867187500e+01
3.496554565429687500e+01
3.399830245971679688e+01
3.433433151245117188e+01
3.619744110107421875e+01
3.640048599243164062e+01
3.378674316406250000e+01
3.316695404052734375e+01
3.552602767944335938e+01
3.637615966796875000e+01
3.459587860107421875e+01
3.315071105957031250e+01
3.396538543701171875e+01
3.602026748657226562e+01
3.593373870849609375e+01
3.348634719848632812e+01
3.198572921752929688e+01
3.413875961303710938e+01
3.635480880737304688e+01
3.523759460449218750e+01
3.301820755004882812e+01
3.341807556152343750e+01
3.573849105834960938e+01
3.652716064453125000e+01
3.376413726806640625e+01
3.281068038940429688e+01
3.400966644287109375e+01
3.610013580322265625e+01
3.621111679077148438e+01
3.332401275634765625e+01
3.272106933593750000e+01
3.536593627929687500e+01
3.683296966552734375e+01
3.460116958618164062e+01
3.314456558227539062e+01
3.345821380615234375e+01
3.541710662841796875e+01
3.565756225585937500e+01
3.434611892700195312e+01
3.327584838867187500e+01
3.391913223266601562e+01
3.514621353149414062e+01
3.519722747802734375e+01
3.389653778076171875e+01
3.390965652465820312e+01
3.418495941162109375e+01
3.396192932128906250e+01
3.376127624511718750e+01
3.386980438232421875e+01
3.403327941894531250e+01
3.364008331298828125e+01
3.373237609863281250e+01
3.474488830566406250e+01
3.516580581665039062e+01
3.384205627441406250e+01
3.356662750244140625e+01
3.482393646240234375e+01
3.466085815429687500e+01
3.318065643310546875e+01
3.337329483032226562e+01
3.474622344970703125e+01
3.452503585815429688e+01
3.305556106567382812e+01
3.322908020019531250e+01
3.425550079345703125e+01
3.512353515625000000e+01
3.422111511230468750e+01
3.291895675659179688e+01
3.299807739257812500e+01
3.387072753906250000e+01
3.467333984375000000e+01
3.354506683349609375e+01
3.343810272216796875e+01
3.462210083007812500e+01
3.426419067382812500e+01
3.426853942871093750e+01
3.371882247924804688e+01
3.334640502929687500e+01
3.379617309570312500e+01
3.414784622192382812e+01
3.377354431152343750e+01
3.355344009399414062e+01
3.392925262451171875e+01
3.432043457031250000e+01
3.434777450561523438e+01
3.322324752807617188e+01
3.337546920776367188e+01
3.375240325927734375e+01
3.513931274414062500e+01
3.398513031005859375e+01
3.282705307006835938e+01
3.275164413452148438e+01
3.436180877685546875e+01
3.515607070922851562e+01
3.313504791259765625e+01
3.191065025329589844e+01
3.297359466552734375e+01
3.427276992797851562e+01
3.429230117797851562e+01
3.342991638183593750e+01
3.303687667846679688e+01
3.350876617431640625e+01
3.337224578857421875e+01
3.327408599853515625e+01
3.317629241943359375e+01
3.385420989990234375e+01
3.336409759521484375e+01
3.319547271728515625e+01
3.281887054443359375e+01
3.332803344726562500e+01
3.388448333740234375e+01
3.414620208740234375e+01
3.302224731445312500e+01
3.217369079589843750e+01
3.309209823608398438e+01
3.400592041015625000e+01
3.372570419311523438e+01
3.266846084594726562e+01
3.260112762451171875e+01
3.317872619628906250e+01
3.419322204589843750e+01
3.310555267333984375e+01
3.251756286621093750e+01
3.262119674682617188e+01
3.424461364746093750e+01
3.445849609375000000e+01
3.287086486816406250e+01
3.144543838500976562e+01
3.292593002319335938e+01
3.458729171752929688e+01
3.414064788818359375e+01
3.238781738281250000e+01
3.218292999267578125e+01
3.391843414306640625e+01
3.422502899169921875e+01
3.243559265136718750e+01
3.161417770385742188e+01
3.262481689453125000e+01
3.428870010375976562e+01
3.370954895019531250e+01
3.250672149658203125e+01
3.186570739746093750e+01
3.281623077392578125e+01
3.365228652954101562e+01
3.316997146606445312e+01
3.239400100708007812e+01
3.355164337158203125e+01
3.449482727050781250e+01
3.332415771484375000e+01
3.153737640380859375e+01
3.241649246215820312e+01
3.440658569335937500e+01
3.368741607666015625e+01
3.159154129028320312e+01
3.170021057128906250e+01
3.345848083496093750e+01
3.438040924072265625e+01
3.181872177124023438e+01
3.076937103271484375e+01
3.224069213867187500e+01
3.513573837280273438e+01
3.307507324218750000e+01
3.047321701049804688e+01
3.238869476318359375e+01
3.423990631103515625e+01
3.414505767822265625e+01
3.086557579040527344e+01
3.033539390563964844e+01
3.284550094604492188e+01
3.443125915527343750e+01
3.311991119384765625e+01
2.997501945495605469e+01
3.112820053100585938e+01
3.363338851928710938e+01
3.422970581054687500e+01
3.057467651367187500e+01
3.099187660217285156e+01
3.257817077636718750e+01
3.473260116577148438e+01
3.292131805419921875e+01
2.993865203857421875e+01
3.072812271118164062e+01
3.294261169433593750e+01
3.468801879882812500e+01
3.123084259033203125e+01
3.059468460083007812e+01
3.173314857482910156e+01
3.381534576416015625e+01
3.378183746337890625e+01
3.127290344238281250e+01
3.117663192749023438e+01
3.320809936523437500e+01
3.413720321655273438e+01
3.159927368164062500e+01
3.073684120178222656e+01
3.184161567687988281e+01
3.389168548583984375e+01
3.319373321533203125e+01
3.161136627197265625e+01
3.129253959655761719e+01
3.315486145019531250e+01
3.299711608886718750e+01
3.234226989746093750e+01
3.152496910095214844e+01
3.205152893066406250e+01
3.316731643676757812e+01
3.286611938476562500e+01
3.150693893432617188e+01
3.120917129516601562e+01
3.258365631103515625e+01
3.334705352783203125e+01
3.315321350097656250e+01
3.198251724243164062e+01
3.122851562500000000e+01
3.266234970092773438e+01
3.377146148681640625e+01
3.266280364990234375e+01
2.994538307189941406e+01
3.100139617919921875e+01
3.341915893554687500e+01
3.447158432006835938e+01
3.147193145751953125e+01
3.011931991577148438e+01
3.085583305358886719e+01
3.451535797119140625e+01
3.311944961547851562e+01
2.976777267456054688e+01
2.971001052856445312e+01
3.318556213378906250e+01
3.500193786621093750e+01
3.151895523071289062e+01
2.888118743896484375e+01
3.069365692138671875e+01
3.362910079956054688e+01
3.370504760742187500e+01
3.057334518432617188e+01
2.900808334350585938e+01
3.142767906188964844e+01
3.360540771484375000e+01
3.315325927734375000e+01
2.988555526733398438e+01
2.966033554077148438e+01
3.190194320678710938e+01
3.408452224731445312e+01
3.199606323242187500e+01
2.914111137390136719e+01
2.933551216125488281e+01
3.287005615234375000e+01
3.358066177368164062e+01
3.094596481323242188e+01
2.931136703491210938e+01
3.073827362060546875e+01
3.340863037109375000e+01
3.215237045288085938e+01
3.071717071533203125e+01
3.198512458801269531e+01
3.251866912841796875e+01
3.241040802001953125e+01
3.079731369018554688e+01
3.070773696899414062e+01
3.147888946533203125e+01
3.236299896240234375e+01
3.237476348876953125e+01
3.010789680480957031e+01
3.112967300415039062e+01
3.170311546325683594e+01
3.359221649169921875e+01
3.084035110473632812e+01
2.981836318969726562e+01
3.088036346435546875e+01
3.378637313842773438e+01
3.244358062744140625e+01
2.941024780273437500e+01
2.946041679382324219e+01
3.184170150756835938e+01
3.430274963378906250e+01
3.111893272399902344e+01
2.875116539001464844e+01
2.998087692260742188e+01
3.362969207763671875e+01
3.297098541259765625e+01
2.884737777709960938e+01
2.854935836791992188e+01
3.106571006774902344e+01
3.418602752685546875e+01
3.073886680603027344e+01
2.811274337768554688e+01
2.942794799804687500e+01
3.105186843872070312e+01
3.246456146240234375e+01
3.009380912780761719e+01
3.122011947631835938e+01
2.888359069824218750e+01
3.136231994628906250e+01
3.022104644775390625e+01
3.141367340087890625e+01
2.990062713623046875e+01
3.068971633911132812e+01
2.894362640380859375e+01
3.173277282714843750e+01
3.245330429077148438e+01
3.032635879516601562e+01
3.044609451293945312e+01
3.148366165161132812e+01
3.207592010498046875e+01
3.110757446289062500e+01
3.061771392822265625e+01
3.164555549621582031e+01
3.162855529785156250e+01
3.197339630126953125e+01
3.022765350341796875e+01
2.968630599975585938e+01
3.186727523803710938e+01
3.164574432373046875e+01
3.165184783935546875e+01
2.962499427795410156e+01
3.100125503540039062e+01
3.038848876953125000e+01
3.159454536437988281e+01
3.047561836242675781e+01
3.083363723754882812e+01
3.022295379638671875e+01
3.038165473937988281e+01
3.063369560241699219e+01
3.063105201721191406e+01
3.241641998291015625e+01
3.027954483032226562e+01
3.030404281616210938e+01
3.009206771850585938e+01
3.202896499633789062e+01
3.068604660034179688e+01
3.046555328369140625e+01
2.986744308471679688e+01
3.228386306762695312e+01
3.179686737060546875e+01
2.945090484619140625e+01
2.920379638671875000e+01
3.162881851196289062e+01
3.235531616210937500e+01
3.100205230712890625e+01
2.919777488708496094e+01
3.103724670410156250e+01
3.235725402832031250e+01
3.124833297729492188e+01
3.029483604431152344e+01
2.963748168945312500e+01
3.143248558044433594e+01
3.251138305664062500e+01
3.126480865478515625e+01
2.917880630493164062e+01
3.034109306335449219e+01
3.220483016967773438e+01
3.241054534912109375e+01
3.023703956604003906e+01
2.907910537719726562e+01
3.143897628784179688e+01
3.289174652099609375e+01
3.110399627685546875e+01
2.809868431091308594e+01
2.947687530517578125e+01
3.359166336059570312e+01
3.333166885375976562e+01
2.887887573242187500e+01
2.842097663879394531e+01
3.162787055969238281e+01
3.378580093383789062e+01
3.007991981506347656e+01
2.813119125366210938e+01
2.941991043090820312e+01
3.276976776123046875e+01
3.252931594848632812e+01
2.931929397583007812e+01
2.869947814941406250e+01
3.084780502319335938e+01
3.355327606201171875e+01
3.122074508666992188e+01
2.873524093627929688e+01
2.918922424316406250e+01
3.212013244628906250e+01
3.213273620605468750e+01
3.007187080383300781e+01
2.900861740112304688e+01
3.062594223022460938e+01
3.201734161376953125e+01
3.053831672668457031e+01
2.907938003540039062e+01
2.960217666625976562e+01
3.130360412597656250e+01
3.230543518066406250e+01
2.950999832153320312e+01
2.838736343383789062e+01
3.018647384643554688e+01
3.298197174072265625e+01
3.074112319946289062e+01
2.736486053466796875e+01
2.871905136108398438e+01
3.184518051147460938e+01
3.330727767944335938e+01
2.894781494140625000e+01
2.707885360717773438e+01
2.940722274780273438e+01
3.300878906250000000e+01
3.165781784057617188e+01
2.773069953918457031e+01
2.830079841613769531e+01
3.181558036804199219e+01
3.338171386718750000e+01
2.906226730346679688e+01
2.688432693481445312e+01
2.984058189392089844e+01
3.347966384887695312e+01
3.097411155700683594e+01
2.726758766174316406e+01
2.865274810791015625e+01
3.269960403442382812e+01
3.263415908813476562e+01
2.839282989501953125e+01
2.685905838012695312e+01
2.980599784851074219e+01
3.370939636230468750e+01
3.092848587036132812e+01
2.678489303588867188e+01
2.729830551147460938e+01
3.237448883056640625e+01
3.379334259033203125e+01
2.807489204406738281e+01
2.643264770507812500e+01
2.944619369506835938e+01
3.449231719970703125e+01
3.068413734436035156e+01
2.664378738403320312e+01
2.731129264831542969e+01
3.249163818359375000e+01
3.381962203979492188e+01
2.806419372558593750e+01
2.531258964538574219e+01
2.851456451416015625e+01
3.397828674316406250e+01
3.198947143554687500e+01
2.637932586669921875e+01
2.614211082458496094e+01
3.129354476928710938e+01
3.465454864501953125e+01
2.806192016601562500e+01
2.505954170227050781e+01
2.678150939941406250e+01
3.313742828369140625e+01
3.250352478027343750e+01
2.710079193115234375e+01
2.584655761718750000e+01
3.031523132324218750e+01
3.446044921875000000e+01
2.933810424804687500e+01
2.542775726318359375e+01
2.677972030639648438e+01
3.302467346191406250e+01
3.320696258544921875e+01
2.609526824951171875e+01
2.519404792785644531e+01
3.039106750488281250e+01
3.600017547607421875e+01
2.803856277465820312e+01
2.399710464477539062e+01
2.638396263122558594e+01
3.435292434692382812e+01
3.306002807617187500e+01
2.565460586547851562e+01
2.336531829833984375e+01
2.906772041320800781e+01
3.708422851562500000e+01
2.910514831542968750e+01
2.299308395385742188e+01
2.379425430297851562e+01
3.167557907104492188e+01
3.722854614257812500e+01
2.623428153991699219e+01
2.142335128784179688e+01
2.404562187194824219e+01
3.489361572265625000e+01
3.488203811645507812e+01
2.488212966918945312e+01
2.122232055664062500e+01
2.426298141479492188e+01
3.565558624267578125e+01
3.454790496826171875e+01
2.317605400085449219e+01
2.000389099121093750e+01
2.136750793457031250e+01
2.996754455566406250e+01
3.961553192138671875e+01
2.553553199768066406e+01
1.977575492858886719e+01
1.906554794311523438e+01
2.096398925781250000e+01
3.172299575805664062e+01
4.103478240966796875e+01
2.430181312561035156e+01
1.914955520629882812e+01
1.797644805908203125e+01
1.973327636718750000e+01
2.802815437316894531e+01
4.309434890747070312e+01
2.526196670532226562e+01
1.923820114135742188e+01
1.870876502990722656e+01
2.455307006835937500e+01
4.296144866943359375e+01
2.985321807861328125e+01
1.941353225708007812e+01
1.848844909667968750e+01
2.055247306823730469e+01
3.125227546691894531e+01
4.357884979248046875e+01
2.487338256835937500e+01
1.894350433349609375e+01
2.844664001464843750e+01
4.849353027343750000e+01
2.443332290649414062e+01
2.595525360107421875e+01
4.851659393310546875e+01
2.523724746704101562e+01
2.370552444458007812e+01
4.331731796264648438e+01
3.383043289184570312e+01
2.205812835693359375e+01
3.227080535888671875e+01
4.317015838623046875e+01
2.704711723327636719e+01
2.924199676513671875e+01
4.350884628295898438e+01
3.123778915405273438e+01
2.784896850585937500e+01
3.915058517456054688e+01
3.695751571655273438e+01
2.765535354614257812e+01
3.274619293212890625e+01
3.973245239257812500e+01
3.022141647338867188e+01
2.895106697082519531e+01
3.157468414306640625e+01
3.296986389160156250e+01
2.876667785644531250e+01
2.350132942199707031e+01
2.905022239685058594e+01
2.815375137329101562e+01
2.476578140258789062e+01
2.140626716613769531e+01
2.538873672485351562e+01
2.273168373107910156e+01
2.324766921997070312e+01
2.527934837341308594e+01
2.711894226074218750e+01
2.723230934143066406e+01
2.886772537231445312e+01
2.755813407897949219e+01
2.377369308471679688e+01
2.396696853637695312e+01
2.521807479858398438e+01
2.886895370483398438e+01
3.060364913940429688e+01
3.037264633178710938e+01
2.591921424865722656e+01
2.374319267272949219e+01
2.475040435791015625e+01
2.697994041442871094e+01
3.361632156372070312e+01
2.755047225952148438e+01
2.648838806152343750e+01
2.433221054077148438e+01
2.781717872619628906e+01
3.013434600830078125e+01
2.949936294555664062e+01
2.871580314636230469e+01
2.499629211425781250e+01
2.658055305480957031e+01
2.896580696105957031e+01
3.024688911437988281e+01
2.914471435546875000e+01
2.563410949707031250e+01
2.638522720336914062e+01
2.607198715209960938e+01
2.773272132873535156e+01
2.670127296447753906e+01
2.573089218139648438e+01
2.444897270202636719e+01
2.477612304687500000e+01
2.467646408081054688e+01
2.559790802001953125e+01
2.655315399169921875e+01
2.778066635131835938e+01
2.784717178344726562e+01
2.851610183715820312e+01
2.461705780029296875e+01
2.799103546142578125e+01
2.339675903320312500e+01
2.775362205505371094e+01
2.757839584350585938e+01
2.846699142456054688e+01
2.776237869262695312e+01
2.457451629638671875e+01
2.522513198852539062e+01
2.319702720642089844e+01
2.551986312866210938e+01
2.552807998657226562e+01
2.651168060302734375e+01
3.024980163574218750e+01
2.640833282470703125e+01
2.793484115600585938e+01
2.677185821533203125e+01
2.399163436889648438e+01
2.817730712890625000e+01
2.842561721801757812e+01
2.998844146728515625e+01
2.874370193481445312e+01
2.270210456848144531e+01
2.284866714477539062e+01
2.065258026123046875e+01
2.299432182312011719e+01
2.391549682617187500e+01
3.414805603027343750e+01
3.670346069335937500e+01
2.261731719970703125e+01
2.163540649414062500e+01
1.890622711181640625e+01
2.032941055297851562e+01
1.853899383544921875e+01
2.048705291748046875e+01
2.209629821777343750e+01
3.375022125244140625e+01
4.339777755737304688e+01
2.279810714721679688e+01
2.197867774963378906e+01
4.452367401123046875e+01
3.257916259765625000e+01
1.898254394531250000e+01
1.916931915283203125e+01
1.880140876770019531e+01
2.838422775268554688e+01
4.789990997314453125e+01
2.665205764770507812e+01
1.935471534729003906e+01
4.954820251464843750e+01
3.734518814086914062e+01
2.418784523010253906e+01
5.151214599609375000e+01
4.194442367553710938e+01
4.054541015625000000e+01
4.686031723022460938e+01
3.565130615234375000e+01
3.635317611694335938e+01
3.958184051513671875e+01
3.190501403808593750e+01
3.007565307617187500e+01
3.390225982666015625e+01
2.869878768920898438e+01
2.627404594421386719e+01
2.710747528076171875e+01
2.445861434936523438e+01
2.408620452880859375e+01
2.377304077148437500e+01
2.152659606933593750e+01
2.206207656860351562e+01
2.112189865112304688e+01
2.240162658691406250e+01
2.572012329101562500e+01
3.602880096435546875e+01
3.395378875732421875e+01
2.154963684082031250e+01
2.066692733764648438e+01
1.940930557250976562e+01
1.859300613403320312e+01
1.955356216430664062e+01
2.168642997741699219e+01
3.663280868530273438e+01
4.269854354858398438e+01
2.280794334411621094e+01
1.996430969238281250e+01
3.750479888916015625e+01
4.356979370117187500e+01
2.434044075012207031e+01
2.363906669616699219e+01
5.159434509277343750e+01
3.443614578247070312e+01
2.870848274230957031e+01
5.468507003784179688e+01
3.836381530761718750e+01
4.278361511230468750e+01
4.596786117553710938e+01
3.515766906738281250e+01
3.707998657226562500e+01
4.193215942382812500e+01
3.666388320922851562e+01
3.321560287475585938e+01
3.768939208984375000e+01
3.833281707763671875e+01
3.102704620361328125e+01
3.140684700012207031e+01
3.609859466552734375e+01
2.996909332275390625e+01
2.762411880493164062e+01
3.110582733154296875e+01
3.004280471801757812e+01
2.582526779174804688e+01
2.564720916748046875e+01
2.275249099731445312e+01
2.489206695556640625e+01
2.527229118347167969e+01
2.446382331848144531e+01
3.008893203735351562e+01
3.356472015380859375e+01
2.444628143310546875e+01
2.160072326660156250e+01
2.270007514953613281e+01
2.162359237670898438e+01
2.684445762634277344e+01
4.031068420410156250e+01
2.868833923339843750e+01
1.865803146362304688e+01
1.921455383300781250e+01
1.994752120971679688e+01
2.211502075195312500e+01
4.545605087280273438e+01
3.659423446655273438e+01
1.962090873718261719e+01
3.206422424316406250e+01
5.424598693847656250e+01
2.746139717102050781e+01
4.195921325683593750e+01
5.589001846313476562e+01
3.355146789550781250e+01
5.747716903686523438e+01
3.234613037109375000e+01
3.460392761230468750e+01
5.678567123413085938e+01
3.451388549804687500e+01
4.854639434814453125e+01
4.046799468994140625e+01
2.965441513061523438e+01
3.532382965087890625e+01
4.511599731445312500e+01
3.036121368408203125e+01
3.363991546630859375e+01
4.850720214843750000e+01
3.124966049194335938e+01
3.431678009033203125e+01
4.412763214111328125e+01
3.165291213989257812e+01
3.164754486083984375e+01
4.528234100341796875e+01
3.495102691650390625e+01
3.187471008300781250e+01
4.422633361816406250e+01
3.951573181152343750e+01
3.405840301513671875e+01
3.775104522705078125e+01
4.248096466064453125e+01
3.537695312500000000e+01
3.206589508056640625e+01
4.190769195556640625e+01
3.364925384521484375e+01
3.136713600158691406e+01
4.171437072753906250e+01
3.437185287475585938e+01
3.180989646911621094e+01
3.814562988281250000e+01
3.573622894287109375e+01
3.077989959716796875e+01
3.041597557067871094e+01
3.390852355957031250e+01
3.034109115600585938e+01
2.470691299438476562e+01
2.994863128662109375e+01
3.786724090576171875e+01
2.754614830017089844e+01
2.229088211059570312e+01
3.482122802734375000e+01
3.706328582763671875e+01
2.347973060607910156e+01
2.538203048706054688e+01
3.964916229248046875e+01
3.610082244873046875e+01
2.377557754516601562e+01
2.853156661987304688e+01
5.345475387573242188e+01
3.187751388549804688e+01
3.975091552734375000e+01
4.996158218383789062e+01
2.948703384399414062e+01
4.291244888305664062e+01
4.639096450805664062e+01
2.927536010742187500e+01
4.192207336425781250e+01
4.811220169067382812e+01
3.453255462646484375e+01
4.526968383789062500e+01
4.167712020874023438e+01
3.553770446777343750e+01
4.364736557006835938e+01
3.844362640380859375e+01
3.693044281005859375e+01
4.384181976318359375e+01
3.481528472900390625e+01
3.458338928222656250e+01
3.903678894042968750e+01
3.439620971679687500e+01
2.956946563720703125e+01
3.330058288574218750e+01
3.456064987182617188e+01
2.701952743530273438e+01
2.605981254577636719e+01
3.060250091552734375e+01
3.140072250366210938e+01
2.734152603149414062e+01
2.203966712951660156e+01
2.367544364929199219e+01
2.335504150390625000e+01
2.429421234130859375e+01
2.690451431274414062e+01
3.037726974487304688e+01
3.537113952636718750e+01
2.615003967285156250e+01
1.887760353088378906e+01
2.030455780029296875e+01
1.987821197509765625e+01
2.813272476196289062e+01
4.337116622924804688e+01
3.046879959106445312e+01
1.854394531250000000e+01
1.867603683471679688e+01
2.124772834777832031e+01
4.004061126708984375e+01
4.101677703857421875e+01
2.107683181762695312e+01
2.216929244995117188e+01
4.571384429931640625e+01
3.173253822326660156e+01
1.839938735961914062e+01
1.976257324218750000e+01
2.567013931274414062e+01
4.556476593017578125e+01
3.237842559814453125e+01
1.924473190307617188e+01
3.622811889648437500e+01
4.841418457031250000e+01
2.558700180053710938e+01
4.194292449951171875e+01
5.009776687622070312e+01
3.473119354248046875e+01
4.483763885498046875e+01
4.236750030517578125e+01
3.551657104492187500e+01
3.828124618530273438e+01
3.471405792236328125e+01
3.063552856445312500e+01
3.225704574584960938e+01
2.947409820556640625e+01
2.681696319580078125e+01
2.779041099548339844e+01
2.393048477172851562e+01
2.550527191162109375e+01
2.616986846923828125e+01
2.219961357116699219e+01
2.556217956542968750e+01
2.670905113220214844e+01
2.662621116638183594e+01
2.762159347534179688e+01
3.131508827209472656e+01
2.571859359741210938e+01
2.509732055664062500e+01
2.760274696350097656e+01
2.570485496520996094e+01
3.211117553710937500e+01
3.403266143798828125e+01
2.607666778564453125e+01
2.071875190734863281e+01
2.506057739257812500e+01
3.014714431762695312e+01
3.803547668457031250e+01
3.007760047912597656e+01
2.168655014038085938e+01
2.064962577819824219e+01
2.998808288574218750e+01
4.290543746948242188e+01
2.636467742919921875e+01
1.855649566650390625e+01
1.741553878784179688e+01
2.012009429931640625e+01
3.323406219482421875e+01
5.143911743164062500e+01
2.552285385131835938e+01
3.570713043212890625e+01
6.221311187744140625e+01
3.753557968139648438e+01
6.246784591674804688e+01
3.586956024169921875e+01
5.385404586791992188e+01
3.604058074951171875e+01
3.065323829650878906e+01
3.229779815673828125e+01
4.238793563842773438e+01
3.510894393920898438e+01
2.667485809326171875e+01
4.587658691406250000e+01
4.133902359008789062e+01
3.363606262207031250e+01
4.730572891235351562e+01
3.969266891479492188e+01
3.577962112426757812e+01
4.592462158203125000e+01
3.585662078857421875e+01
3.546549606323242188e+01
4.827385330200195312e+01
3.618167114257812500e+01
3.899194335937500000e+01
4.566510391235351562e+01
3.507564544677734375e+01
3.692359161376953125e+01
4.269561004638671875e+01
3.285590744018554688e+01
3.301184463500976562e+01
4.315658187866210938e+01
3.296346664428710938e+01
3.013824653625488281e+01
4.263515090942382812e+01
3.557003784179687500e+01
3.140377998352050781e+01
4.056753540039062500e+01
3.846322631835937500e+01
3.233886718750000000e+01
3.790537643432617188e+01
3.715235900878906250e+01
3.018947601318359375e+01
3.252494812011718750e+01
3.626188659667968750e+01
2.863812065124511719e+01
2.711422729492187500e+01
3.241915893554687500e+01
3.026496505737304688e+01
2.558494567871093750e+01
2.317109107971191406e+01
2.204061126708984375e+01
2.423323822021484375e+01
2.330246353149414062e+01
2.859717178344726562e+01
3.581060028076171875e+01
2.912511253356933594e+01
2.132729721069335938e+01
2.026972198486328125e+01
2.307765960693359375e+01
2.974512863159179688e+01
4.228340148925781250e+01
2.954441452026367188e+01
1.874177932739257812e+01
2.045612335205078125e+01
4.108201599121093750e+01
3.910147857666015625e+01
2.092428207397460938e+01
1.906249237060546875e+01
4.614456939697265625e+01
3.741446685791015625e+01
2.180208778381347656e+01
3.490541839599609375e+01
5.736323928833007812e+01
3.315697097778320312e+01
5.463330078125000000e+01
2.715428543090820312e+01
2.085527038574218750e+01
3.585461425781250000e+01
4.695192718505859375e+01
2.593009185791015625e+01
3.607101058959960938e+01
6.019932556152343750e+01
3.588741302490234375e+01
5.956544876098632812e+01
2.278182220458984375e+01
3.774330902099609375e+01
5.538069915771484375e+01
3.102517318725585938e+01
5.515593719482421875e+01
2.956521606445312500e+01
2.758252716064453125e+01
5.122618103027343750e+01
3.316915130615234375e+01
3.552781677246093750e+01
5.020146942138671875e+01
3.019738960266113281e+01
3.625741577148437500e+01
4.901081085205078125e+01
2.956616973876953125e+01
3.931070709228515625e+01
5.017401885986328125e+01
3.043310165405273438e+01
4.400117492675781250e+01
4.206740951538085938e+01
2.919036483764648438e+01
3.670560073852539062e+01
4.905081939697265625e+01
3.480666732788085938e+01
3.998893737792968750e+01
4.250172805786132812e+01
3.541104888916015625e+01
3.449088287353515625e+01
3.810760879516601562e+01
3.667857360839843750e+01
2.870251274108886719e+01
3.331592559814453125e+01
3.447574996948242188e+01
2.696679115295410156e+01
3.058980178833007812e+01
3.188267326354980469e+01
2.600362777709960938e+01
2.488577079772949219e+01
2.574248504638671875e+01
2.362345695495605469e+01
2.191307067871093750e+01
2.255406951904296875e+01
2.243629264831542969e+01
1.968347740173339844e+01
2.036543846130371094e+01
2.045859527587890625e+01
2.050963020324707031e+01
3.281500244140625000e+01
3.900927734375000000e+01
2.347326660156250000e+01
1.675804901123046875e+01
1.986992263793945312e+01
2.986500549316406250e+01
5.087236404418945312e+01
2.452176856994628906e+01
2.720545196533203125e+01
6.922813415527343750e+01
3.337877655029296875e+01
8.021923828125000000e+01
3.302180480957031250e+01
1.218867187500000000e+02
1.190405273437500000e+02
4.796033096313476562e+01
9.045588684082031250e+01
2.593610763549804688e+01
7.414396667480468750e+01
4.105571746826171875e+01
6.043865966796875000e+01
3.449845504760742188e+01
3.827778625488281250e+01
4.423332977294921875e+01
2.907885360717773438e+01
3.381782150268554688e+01
4.148723220825195312e+01
3.002204132080078125e+01
2.941309165954589844e+01
4.225373840332031250e+01
3.404450607299804688e+01
3.169609069824218750e+01
4.047195434570312500e+01
3.425465774536132812e+01
2.837407302856445312e+01
3.416700744628906250e+01
3.930080413818359375e+01
3.054421234130859375e+01
2.762173080444335938e+01
3.999974441528320312e+01
3.805578613281250000e+01
3.063610076904296875e+01
4.063450622558593750e+01
3.677154159545898438e+01
2.904894256591796875e+01
3.328700637817382812e+01
4.076312637329101562e+01
3.319947433471679688e+01
2.973665809631347656e+01
3.967442321777343750e+01
3.976657867431640625e+01
3.289673233032226562e+01
3.838467788696289062e+01
3.473868560791015625e+01
2.878034973144531250e+01
2.765644645690917969e+01
3.479977416992187500e+01
3.401808929443359375e+01
2.708385848999023438e+01
2.947513008117675781e+01
4.048999023437500000e+01
3.194341659545898438e+01
2.951739501953125000e+01
4.095343780517578125e+01
3.713246154785156250e+01
2.957910537719726562e+01
3.826037979125976562e+01
3.871150207519531250e+01
2.813525009155273438e+01
2.931858062744140625e+01
4.291137695312500000e+01
3.116118621826171875e+01
2.915125083923339844e+01
4.397129821777343750e+01
3.305141448974609375e+01
2.900777053833007812e+01
4.027565002441406250e+01
3.581916046142578125e+01
2.790635490417480469e+01
3.336700439453125000e+01
3.512033081054687500e+01
2.713744735717773438e+01
2.694319343566894531e+01
3.030537414550781250e+01
3.155449676513671875e+01
2.809595108032226562e+01
2.091383934020996094e+01
2.655197525024414062e+01
3.935788726806640625e+01
2.638743972778320312e+01
2.149039077758789062e+01
4.701875305175781250e+01
3.588789367675781250e+01
3.036581039428710938e+01
4.736031341552734375e+01
3.465027618408203125e+01
3.195826721191406250e+01
4.449288558959960938e+01
3.137403106689453125e+01
2.770476913452148438e+01
4.254039764404296875e+01
3.448165130615234375e+01
2.806026840209960938e+01
3.734658813476562500e+01
3.868812942504882812e+01
3.012299919128417969e+01
2.900740432739257812e+01
4.129373931884765625e+01
3.646253204345703125e+01
3.275905227661132812e+01
3.918245697021484375e+01
3.787590026855468750e+01
3.293756103515625000e+01
3.372890472412109375e+01
3.697346496582031250e+01
3.316019821166992188e+01
2.888787460327148438e+01
3.250875091552734375e+01
3.638613128662109375e+01
2.942624282836914062e+01
3.087726402282714844e+01
4.359526824951171875e+01
3.289040374755859375e+01
3.616053009033203125e+01
3.671288299560546875e+01
3.175269317626953125e+01
2.806897163391113281e+01
3.182240486145019531e+01
3.939698028564453125e+01
3.013310050964355469e+01
3.005699729919433594e+01
4.129634094238281250e+01
3.466873931884765625e+01
3.020642471313476562e+01
3.712136077880859375e+01
3.810278701782226562e+01
2.846054840087890625e+01
3.207702255249023438e+01
4.126950836181640625e+01
3.088857650756835938e+01
2.744807434082031250e+01
3.937492752075195312e+01
3.659432601928710938e+01
2.671545791625976562e+01
3.360627746582031250e+01
4.151479339599609375e+01
2.990853118896484375e+01
2.949559402465820312e+01
4.012749481201171875e+01
3.433222198486328125e+01
2.853171157836914062e+01
3.805158233642578125e+01
3.590323638916015625e+01
2.749312591552734375e+01
3.303548431396484375e+01
3.963491058349609375e+01
2.844384574890136719e+01
2.793634796142578125e+01
4.180628204345703125e+01
3.269878387451171875e+01
2.975565528869628906e+01
4.244042968750000000e+01
3.284762573242187500e+01
2.964141845703125000e+01
3.921093750000000000e+01
3.312862777709960938e+01
2.785980033874511719e+01
3.432608795166015625e+01
3.593867111206054688e+01
2.815640640258789062e+01
2.652160644531250000e+01
3.923713684082031250e+01
3.573883056640625000e+01
2.907279205322265625e+01
3.724964523315429688e+01
4.271612548828125000e+01
3.417203140258789062e+01
3.865081787109375000e+01
3.420574188232421875e+01
2.883338928222656250e+01
2.968089103698730469e+01
3.774199676513671875e+01
3.149196624755859375e+01
2.638819503784179688e+01
3.878383636474609375e+01
3.793221282958984375e+01
3.042645263671875000e+01
3.615082550048828125e+01
3.546008300781250000e+01
3.029212951660156250e+01
2.725104522705078125e+01
3.246763610839843750e+01
3.920637512207031250e+01
3.001082992553710938e+01
3.319131851196289062e+01
4.398650360107421875e+01
2.946547126770019531e+01
3.573528289794921875e+01
4.069979858398437500e+01
2.646880912780761719e+01
2.417582130432128906e+01
4.244559478759765625e+01
3.425699615478515625e+01
2.515426635742187500e+01
3.556139755249023438e+01
4.176654434204101562e+01
3.124858665466308594e+01
3.098231124877929688e+01
3.756381225585937500e+01
3.821673583984375000e+01
3.328694915771484375e+01
3.615775299072265625e+01
3.655590057373046875e+01
2.816302871704101562e+01
3.124720764160156250e+01
3.887985992431640625e+01
2.899285507202148438e+01
2.400253677368164062e+01
3.348673248291015625e+01
3.800658416748046875e+01
2.688448333740234375e+01
2.783942413330078125e+01
4.404668426513671875e+01
3.330157470703125000e+01
3.117074966430664062e+01
4.044981384277343750e+01
3.527427673339843750e+01
2.886245346069335938e+01
3.735888671875000000e+01
3.939732360839843750e+01
2.898339462280273438e+01
3.411330413818359375e+01
4.021563720703125000e+01
3.035504531860351562e+01
3.153113555908203125e+01
4.056988525390625000e+01
3.227405548095703125e+01
2.965368652343750000e+01
3.795167541503906250e+01
3.268247222900390625e+01
2.573016357421875000e+01
3.408681869506835938e+01
3.461072540283203125e+01
2.600226783752441406e+01
2.457759857177734375e+01
3.198353958129882812e+01
3.463672637939453125e+01
2.586163520812988281e+01
2.480336761474609375e+01
4.573413848876953125e+01
3.246913909912109375e+01
3.344283676147460938e+01
4.435086441040039062e+01
2.959776496887207031e+01
3.124302291870117188e+01
4.215329742431640625e+01
3.033959579467773438e+01
2.572161865234375000e+01
4.316677093505859375e+01
3.508705139160156250e+01
3.041673660278320312e+01
4.512402725219726562e+01
3.484471893310546875e+01
3.605895996093750000e+01
4.139479064941406250e+01
3.329931640625000000e+01
3.362086486816406250e+01
3.850637054443359375e+01
3.520027160644531250e+01
3.112018966674804688e+01
3.639562225341796875e+01
3.750244522094726562e+01
3.087103080749511719e+01
3.370445632934570312e+01
3.579384231567382812e+01
3.232263183593750000e+01
2.769977951049804688e+01
3.379367065429687500e+01
3.680828857421875000e+01
2.862808227539062500e+01
3.300978469848632812e+01
3.969995117187500000e+01
3.043428802490234375e+01
3.064363479614257812e+01
3.662483215332031250e+01
3.248273849487304688e+01
2.787856483459472656e+01
3.185201835632324219e+01
3.547638702392578125e+01
2.690050888061523438e+01
3.001221084594726562e+01
4.062636566162109375e+01
2.853257369995117188e+01
2.971099853515625000e+01
4.252863311767578125e+01
3.113027954101562500e+01
2.940527915954589844e+01
3.985815429687500000e+01
3.305236816406250000e+01
2.966039848327636719e+01
3.748474502563476562e+01
3.409014511108398438e+01
2.751770019531250000e+01
3.124592971801757812e+01
3.897686004638671875e+01
3.132094573974609375e+01
2.745951843261718750e+01
3.695967102050781250e+01
3.792646026611328125e+01
3.192544746398925781e+01
3.553855133056640625e+01
3.319510650634765625e+01
2.812500381469726562e+01
2.659446525573730469e+01
3.218054962158203125e+01
3.616286468505859375e+01
2.694300460815429688e+01
2.891216659545898438e+01
4.250744247436523438e+01
3.125698089599609375e+01
3.181491851806640625e+01
4.110806274414062500e+01
2.897017478942871094e+01
2.537788581848144531e+01
3.394589233398437500e+01
3.408051681518554688e+01
2.621226310729980469e+01
2.268129348754882812e+01
3.381340789794921875e+01
3.880131530761718750e+01
2.705057525634765625e+01
3.456728363037109375e+01
4.494622421264648438e+01
2.985061073303222656e+01
3.986023330688476562e+01
3.322415161132812500e+01
2.400119400024414062e+01
2.146780395507812500e+01
3.194440078735351562e+01
3.958940887451171875e+01
2.558279418945312500e+01
2.606721115112304688e+01
4.817732238769531250e+01
3.172982978820800781e+01
3.599609375000000000e+01
3.919947052001953125e+01
2.769246673583984375e+01
2.330949592590332031e+01
2.785058212280273438e+01
4.259980392456054688e+01
2.847013092041015625e+01
2.634539031982421875e+01
4.503451156616210938e+01
3.139305496215820312e+01
2.837653732299804688e+01
3.801106262207031250e+01
3.434716033935546875e+01
2.593333435058593750e+01
2.878576087951660156e+01
4.232489013671875000e+01
2.931441688537597656e+01
3.040314102172851562e+01
4.608701705932617188e+01
3.039407348632812500e+01
3.491928863525390625e+01
3.889749908447265625e+01
2.886980056762695312e+01
2.487548255920410156e+01
2.999620246887207031e+01
4.127964019775390625e+01
2.943839263916015625e+01
2.947523689270019531e+01
4.433628845214843750e+01
3.128448104858398438e+01
3.331909942626953125e+01
3.774493408203125000e+01
2.753305053710937500e+01
2.386442565917968750e+01
2.505624389648437500e+01
3.754224395751953125e+01
3.256535720825195312e+01
2.399507331848144531e+01
3.597517776489257812e+01
4.329453277587890625e+01
3.051634597778320312e+01
4.198708343505859375e+01
3.080282974243164062e+01
2.409870529174804688e+01
2.423953247070312500e+01
3.621281433105468750e+01
3.191035079956054688e+01
2.295692062377929688e+01
2.782450866699218750e+01
3.967383575439453125e+01
2.824138641357421875e+01
2.590300750732421875e+01
4.195325088500976562e+01
3.389684295654296875e+01
2.756336212158203125e+01
3.925379180908203125e+01
3.379753494262695312e+01
2.562835693359375000e+01
3.249622344970703125e+01
3.722785186767578125e+01
2.570449447631835938e+01
2.732340431213378906e+01
4.249748992919921875e+01
2.968473243713378906e+01
2.961763191223144531e+01
4.439962387084960938e+01
3.336794281005859375e+01
3.621345520019531250e+01
3.586743164062500000e+01
2.942412567138671875e+01
2.638874435424804688e+01
3.092713165283203125e+01
3.518855285644531250e+01
2.700239944458007812e+01
2.361220550537109375e+01
3.831615066528320312e+01
3.679818344116210938e+01
3.016800308227539062e+01
3.642576599121093750e+01
4.004037475585937500e+01
3.371497344970703125e+01
3.652170181274414062e+01
2.728612327575683594e+01
2.697638702392578125e+01
2.285268402099609375e+01
2.223797225952148438e+01
3.751791763305664062e+01
3.215250778198242188e+01
2.496322059631347656e+01
3.818996810913085938e+01
4.082666778564453125e+01
3.131367874145507812e+01
4.126192855834960938e+01
2.791883850097656250e+01
2.255461120605468750e+01
2.208717918395996094e+01
2.930865859985351562e+01
3.747654342651367188e+01
2.486798095703125000e+01
2.115866088867187500e+01
4.017578125000000000e+01
3.595296478271484375e+01
2.582541656494140625e+01
3.472264099121093750e+01
3.948781967163085938e+01
2.676493644714355469e+01
2.933565902709960938e+01
3.946917724609375000e+01
2.801078987121582031e+01
2.234548950195312500e+01
2.765356445312500000e+01
4.292057800292968750e+01
2.913658523559570312e+01
3.002766418457031250e+01
4.241028976440429688e+01
2.917577552795410156e+01
2.716385078430175781e+01
3.851636505126953125e+01
3.199935531616210938e+01
2.328723526000976562e+01
3.273519897460937500e+01
3.600765991210937500e+01
2.309239959716796875e+01
2.748708724975585938e+01
4.202149200439453125e+01
2.567591476440429688e+01
2.761788177490234375e+01
4.821686553955078125e+01
3.163245010375976562e+01
3.946583175659179688e+01
3.601090240478515625e+01
2.810620689392089844e+01
2.869593620300292969e+01
4.201829528808593750e+01
3.344699096679687500e+01
3.342536926269531250e+01
3.680045318603515625e+01
3.356475067138671875e+01
3.194283676147460938e+01
3.270190429687500000e+01
3.357362747192382812e+01
2.967435646057128906e+01
2.749665832519531250e+01
3.508763504028320312e+01
3.501964187622070312e+01
2.964834976196289062e+01
3.337445449829101562e+01
3.695022964477539062e+01
2.970233917236328125e+01
3.239204025268554688e+01
3.224718093872070312e+01
2.839322280883789062e+01
2.487139320373535156e+01
2.992021369934082031e+01
3.768566131591796875e+01
2.689814376831054688e+01
3.069570159912109375e+01
4.161545944213867188e+01
2.902384948730468750e+01
3.214551162719726562e+01
3.801676940917968750e+01
2.815998458862304688e+01
2.432556152343750000e+01
3.264971923828125000e+01
3.485593032836914062e+01
2.425219154357910156e+01
2.460854721069335938e+01
4.101963043212890625e+01
2.949273490905761719e+01
2.799444961547851562e+01
4.168374252319335938e+01
2.841997528076171875e+01
2.530540275573730469e+01
3.753443908691406250e+01
3.198373413085937500e+01
2.555205535888671875e+01
3.463732528686523438e+01
3.617430877685546875e+01
2.715633201599121094e+01
3.085576438903808594e+01
3.847404098510742188e+01
2.954072570800781250e+01
2.918800163269042969e+01
3.715078735351562500e+01
3.273172378540039062e+01
3.027406311035156250e+01
3.366906356811523438e+01
3.301572418212890625e+01
2.744051933288574219e+01
2.643163871765136719e+01
3.439880371093750000e+01
3.323199844360351562e+01
2.753357696533203125e+01
3.170888710021972656e+01
3.807191085815429688e+01
2.936991310119628906e+01
3.354565429687500000e+01
3.435987091064453125e+01
2.817136001586914062e+01
2.353972625732421875e+01
2.956642150878906250e+01
4.440131378173828125e+01
2.767759704589843750e+01
3.540611267089843750e+01
3.695573043823242188e+01
2.487191772460937500e+01
2.172230339050292969e+01
3.224361038208007812e+01
3.934189224243164062e+01
2.589333152770996094e+01
2.824047279357910156e+01
4.197131729125976562e+01
2.841348648071289062e+01
2.815307426452636719e+01
3.946653747558593750e+01
2.838908767700195312e+01
2.326991271972656250e+01
3.018692588806152344e+01
3.724811553955078125e+01
2.510023117065429688e+01
2.448862457275390625e+01
3.905995941162109375e+01
3.020640945434570312e+01
2.418762207031250000e+01
3.381572723388671875e+01
3.355850982666015625e+01
2.443808746337890625e+01
2.523026466369628906e+01
3.658885192871093750e+01
3.037214660644531250e+01
2.533842849731445312e+01
3.311823654174804688e+01
3.543791198730468750e+01
2.521658706665039062e+01
2.724607849121093750e+01
3.929127502441406250e+01
2.986934280395507812e+01
2.632725524902343750e+01
3.514566040039062500e+01
3.413532257080078125e+01
2.527649688720703125e+01
2.702704048156738281e+01
3.923603057861328125e+01
2.985518646240234375e+01
2.643894767761230469e+01
3.528670120239257812e+01
3.358366775512695312e+01
2.502602386474609375e+01
2.633455276489257812e+01
3.986840820312500000e+01
